*3DSMAX_ASCIIEXPORT	110
*COMMENT "Kerrax ASC Exporter Version  1.10 - Sun Aug 12 22:40:50 2007"
*SCENE {
	*SCENE_FILENAME "humbab-lf_leather-sekti_4.max"
	*SCENE_FIRSTFRAME 0
	*SCENE_LASTFRAME 100
	*SCENE_FRAMESPEED 30
	*SCENE_TICKSPERFRAME 160
	*SCENE_BACKGROUND_STATIC 0.000000	0.000000	0.000000
	*SCENE_AMBIENT_STATIC 0.200000	0.200000	0.200000
}
*MATERIAL_LIST {
	*MATERIAL_COUNT 2
	*MATERIAL 0 {
		*MATERIAL_NAME "Material #78"
		*MATERIAL_CLASS "Multi/Sub-Object"
		*MATERIAL_AMBIENT 0.509804	0.407843	0.305882
		*MATERIAL_DIFFUSE 0.509804	0.407843	0.305882
		*MATERIAL_SPECULAR 0.900000	0.900000	0.900000
		*MATERIAL_SHINE 0.100000
		*MATERIAL_SHINESTRENGTH 0.000000
		*MATERIAL_TRANSPARENCY 0.000000
		*MATERIAL_WIRESIZE 1.000000
		*NUMSUBMTLS 3
		*SUBMATERIAL 0 {
			*MATERIAL_NAME "BABE_V2_C1"
			*MATERIAL_CLASS "Standard"
			*MATERIAL_AMBIENT 0.509804	0.407843	0.305882
			*MATERIAL_DIFFUSE 0.509804	0.407843	0.305882
			*MATERIAL_SPECULAR 0.900000	0.900000	0.900000
			*MATERIAL_SHINE 0.100000
			*MATERIAL_SHINESTRENGTH 0.000000
			*MATERIAL_TRANSPARENCY 0.000000
			*MATERIAL_WIRESIZE 1.000000
			*MATERIAL_SHADING Blinn
			*MATERIAL_XP_FALLOFF 0.000000
			*MATERIAL_SELFILLUM 0.000000
			*MATERIAL_FALLOFF In
			*MATERIAL_XP_TYPE Filter
			*MAP_DIFFUSE {
				*MAP_NAME "Map #1"
				*MAP_CLASS "Bitmap"
				*MAP_SUBNO 1
				*MAP_AMOUNT 1.000000
				*BITMAP "C:\Programme\Pyranhabytes\Gothic\_work\DATA\Textures\NPCs\bodytex-lf.tga"
				*MAP_TYPE Screen
				*UVW_U_OFFSET 0.000000
				*UVW_V_OFFSET 0.000000
				*UVW_U_TILING 1.000000
				*UVW_V_TILING 1.000000
				*UVW_ANGLE 0.000000
				*UVW_BLUR 1.000000
				*UVW_BLUR_OFFSET 0.000000
				*UVW_NOUSE_AMT 1.000000
				*UVW_NOISE_SIZE 1.000000
				*UVW_NOISE_LEVEL 1
				*UVW_NOISE_PHASE 0.000000
				*BITMAP_FILTER Pyramidal
			}
		}
		*SUBMATERIAL 1 {
			*MATERIAL_NAME "Waldlaeufer_f"
			*MATERIAL_CLASS "Standard"
			*MATERIAL_AMBIENT 0.294118	0.176471	0.113725
			*MATERIAL_DIFFUSE 0.294118	0.176471	0.113725
			*MATERIAL_SPECULAR 0.900000	0.900000	0.900000
			*MATERIAL_SHINE 0.100000
			*MATERIAL_SHINESTRENGTH 0.000000
			*MATERIAL_TRANSPARENCY 0.000000
			*MATERIAL_WIRESIZE 1.000000
			*MATERIAL_SHADING Blinn
			*MATERIAL_XP_FALLOFF 0.000000
			*MATERIAL_SELFILLUM 0.000000
			*MATERIAL_FALLOFF In
			*MATERIAL_XP_TYPE Filter
			*MAP_DIFFUSE {
				*MAP_NAME "Map #8"
				*MAP_CLASS "Bitmap"
				*MAP_SUBNO 1
				*MAP_AMOUNT 1.000000
				*BITMAP "C:\Programme\Pyranhabytes\Gothic\_work\DATA\Textures\NPCs\CH_Armor\Waldlaeufer_f.tga"
				*MAP_TYPE Screen
				*UVW_U_OFFSET 0.000000
				*UVW_V_OFFSET 0.000000
				*UVW_U_TILING 1.000000
				*UVW_V_TILING 1.000000
				*UVW_ANGLE 0.000000
				*UVW_BLUR 1.000000
				*UVW_BLUR_OFFSET 0.000000
				*UVW_NOUSE_AMT 1.000000
				*UVW_NOISE_SIZE 1.000000
				*UVW_NOISE_LEVEL 1
				*UVW_NOISE_PHASE 0.000000
				*BITMAP_FILTER Pyramidal
			}
			*MAP_OPACITY {
				*MAP_NAME "Map #9"
				*MAP_CLASS "Bitmap"
				*MAP_SUBNO 6
				*MAP_AMOUNT 1.000000
				*BITMAP "C:\Programme\Pyranhabytes\Gothic\_work\DATA\Textures\NPCs\CH_Armor\Waldlaeufer_f.tga"
				*MAP_TYPE Screen
				*UVW_U_OFFSET 0.000000
				*UVW_V_OFFSET 0.000000
				*UVW_U_TILING 1.000000
				*UVW_V_TILING 1.000000
				*UVW_ANGLE 0.000000
				*UVW_BLUR 1.000000
				*UVW_BLUR_OFFSET 0.000000
				*UVW_NOUSE_AMT 1.000000
				*UVW_NOISE_SIZE 1.000000
				*UVW_NOISE_LEVEL 1
				*UVW_NOISE_PHASE 0.000000
				*BITMAP_FILTER Pyramidal
			}
		}
		*SUBMATERIAL 2 {
			*MATERIAL_NAME "P-INNEN-2"
			*MATERIAL_CLASS "Standard"
			*MATERIAL_AMBIENT 0.588000	0.588000	0.588000
			*MATERIAL_DIFFUSE 0.588000	0.588000	0.588000
			*MATERIAL_SPECULAR 0.900000	0.900000	0.900000
			*MATERIAL_SHINE 0.100000
			*MATERIAL_SHINESTRENGTH 0.000000
			*MATERIAL_TRANSPARENCY 0.000000
			*MATERIAL_WIRESIZE 1.000000
			*MATERIAL_SHADING Blinn
			*MATERIAL_XP_FALLOFF 0.000000
			*MATERIAL_SELFILLUM 0.000000
			*MATERIAL_FALLOFF In
			*MATERIAL_XP_TYPE Filter
			*MAP_DIFFUSE {
				*MAP_NAME "Map #10"
				*MAP_CLASS "Bitmap"
				*MAP_SUBNO 1
				*MAP_AMOUNT 1.000000
				*BITMAP "C:\Programme\Pyranhabytes\Gothic\_work\DATA\Textures\NPCs\CH_Armor\Waldlaeufer_f.tga"
				*MAP_TYPE Screen
				*UVW_U_OFFSET 0.000000
				*UVW_V_OFFSET 0.000000
				*UVW_U_TILING 1.000000
				*UVW_V_TILING 1.000000
				*UVW_ANGLE 0.000000
				*UVW_BLUR 1.000000
				*UVW_BLUR_OFFSET 0.000000
				*UVW_NOUSE_AMT 1.000000
				*UVW_NOISE_SIZE 1.000000
				*UVW_NOISE_LEVEL 1
				*UVW_NOISE_PHASE 0.000000
				*BITMAP_FILTER Pyramidal
			}
		}
	}
	*MATERIAL 1 {
		*MATERIAL_NAME "Waldlaeufer_f"
		*MATERIAL_CLASS "Standard"
		*MATERIAL_AMBIENT 0.294118	0.176471	0.113725
		*MATERIAL_DIFFUSE 0.294118	0.176471	0.113725
		*MATERIAL_SPECULAR 0.900000	0.900000	0.900000
		*MATERIAL_SHINE 0.100000
		*MATERIAL_SHINESTRENGTH 0.000000
		*MATERIAL_TRANSPARENCY 0.000000
		*MATERIAL_WIRESIZE 1.000000
		*MATERIAL_SHADING Blinn
		*MATERIAL_XP_FALLOFF 0.000000
		*MATERIAL_SELFILLUM 0.000000
		*MATERIAL_FALLOFF In
		*MATERIAL_XP_TYPE Filter
		*MAP_DIFFUSE {
			*MAP_NAME "Map #8"
			*MAP_CLASS "Bitmap"
			*MAP_SUBNO 1
			*MAP_AMOUNT 1.000000
			*BITMAP "C:\Programme\Pyranhabytes\Gothic\_work\DATA\Textures\NPCs\CH_Armor\Waldlaeufer_f.tga"
			*MAP_TYPE Screen
			*UVW_U_OFFSET 0.000000
			*UVW_V_OFFSET 0.000000
			*UVW_U_TILING 1.000000
			*UVW_V_TILING 1.000000
			*UVW_ANGLE 0.000000
			*UVW_BLUR 1.000000
			*UVW_BLUR_OFFSET 0.000000
			*UVW_NOUSE_AMT 1.000000
			*UVW_NOISE_SIZE 1.000000
			*UVW_NOISE_LEVEL 1
			*UVW_NOISE_PHASE 0.000000
			*BITMAP_FILTER Pyramidal
		}
		*MAP_OPACITY {
			*MAP_NAME "Map #9"
			*MAP_CLASS "Bitmap"
			*MAP_SUBNO 6
			*MAP_AMOUNT 1.000000
			*BITMAP "C:\Programme\Pyranhabytes\Gothic\_work\DATA\Textures\NPCs\CH_Armor\Waldlaeufer_f.tga"
			*MAP_TYPE Screen
			*UVW_U_OFFSET 0.000000
			*UVW_V_OFFSET 0.000000
			*UVW_U_TILING 1.000000
			*UVW_V_TILING 1.000000
			*UVW_ANGLE 0.000000
			*UVW_BLUR 1.000000
			*UVW_BLUR_OFFSET 0.000000
			*UVW_NOUSE_AMT 1.000000
			*UVW_NOISE_SIZE 1.000000
			*UVW_NOISE_LEVEL 1
			*UVW_NOISE_PHASE 0.000000
			*BITMAP_FILTER Pyramidal
		}
	}
}
*GEOMOBJECT {
	*NODE_NAME "Bip01"
	*NODE_TM {
		*NODE_NAME "Bip01"
		*TM_ROW0 0.000006	-1.000000	0.000000
		*TM_ROW1 1.000000	0.000006	0.000000
		*TM_ROW2 0.000000	0.000000	1.000000
		*TM_ROW3 0.390477	9.602000	98.726898
		*TM_POS 0.390477	9.602000	98.726898
		*TM_ROTAXIS 0.000000	0.000000	1.000000
		*TM_ROTANGLE 1.570790
		*TM_SCALE 1.000000	1.000000	1.000000
		*TM_SCALEAXIS 0.000000	0.000000	0.000000
		*TM_SCALEAXISANG 0.000000
	}
	*WIREFRAME_COLOR 0.894118	0.839216	0.600000
}
*GEOMOBJECT {
	*NODE_NAME "Bip01 Pelvis"
	*NODE_PARENT "Bip01"
	*NODE_TM {
		*NODE_NAME "Bip01 Pelvis"
		*TM_ROW0 -0.000000	0.000005	1.000000
		*TM_ROW1 0.000006	-1.000000	0.000005
		*TM_ROW2 1.000000	0.000006	-0.000000
		*TM_ROW3 0.390487	8.968150	98.726898
		*TM_POS 0.390487	8.968150	98.726898
		*TM_ROTAXIS -0.707107	-0.000004	-0.707107
		*TM_ROTANGLE 3.141593
		*TM_SCALE 1.000000	1.000000	1.000000
		*TM_SCALEAXIS 0.000000	0.000000	0.000000
		*TM_SCALEAXISANG 0.000000
	}
	*WIREFRAME_COLOR 0.894118	0.839216	0.600000
}
*GEOMOBJECT {
	*NODE_NAME "Bip01 Spine"
	*NODE_PARENT "Bip01 Pelvis"
	*NODE_TM {
		*NODE_NAME "Bip01 Spine"
		*TM_ROW0 0.000000	-0.020591	0.999788
		*TM_ROW1 0.000002	-0.999788	-0.020591
		*TM_ROW2 1.000000	0.000002	-0.000000
		*TM_ROW3 0.390487	9.057290	101.126999
		*TM_POS 0.390487	9.057290	101.126999
		*TM_ROTAXIS -0.707088	0.007280	-0.707088
		*TM_ROTANGLE 3.156155
		*TM_SCALE 1.000000	1.000000	1.000000
		*TM_SCALEAXIS 0.000000	0.000000	0.000000
		*TM_SCALEAXISANG 0.000000
	}
	*WIREFRAME_COLOR 0.894118	0.839216	0.600000
}
*GEOMOBJECT {
	*NODE_NAME "Bip01 Spine1"
	*NODE_PARENT "Bip01 Spine"
	*NODE_TM {
		*NODE_NAME "Bip01 Spine1"
		*TM_ROW0 0.000001	-0.002770	0.999996
		*TM_ROW1 -0.000002	-0.999996	-0.002770
		*TM_ROW2 1.000000	-0.000002	-0.000001
		*TM_ROW3 0.390487	8.865030	110.953003
		*TM_POS 0.390487	8.865030	110.953003
		*TM_ROTAXIS -0.707107	0.000980	-0.707106
		*TM_ROTANGLE 3.143550
		*TM_SCALE 1.000000	1.000000	1.000000
		*TM_SCALEAXIS 0.000000	0.000000	0.000000
		*TM_SCALEAXISANG 0.000000
	}
	*WIREFRAME_COLOR 0.345098	0.780392	0.882353
}
*GEOMOBJECT {
	*NODE_NAME "Bip01 Spine2"
	*NODE_PARENT "Bip01 Spine1"
	*NODE_TM {
		*NODE_NAME "Bip01 Spine2"
		*TM_ROW0 -0.000000	0.180243	0.983622
		*TM_ROW1 0.000002	-0.983622	0.180243
		*TM_ROW2 1.000000	0.000002	0.000000
		*TM_ROW3 0.390487	8.853050	123.737999
		*TM_POS 0.390487	8.853050	123.737999
		*TM_ROTAXIS -0.705652	-0.064120	-0.705652
		*TM_ROTANGLE 3.013530
		*TM_SCALE 1.000000	1.000000	1.000000
		*TM_SCALEAXIS 0.994054	-0.108892	-0.000002
		*TM_SCALEAXISANG 0.022421
	}
	*WIREFRAME_COLOR 0.345098	0.780392	0.882353
}
*GEOMOBJECT {
	*NODE_NAME "Bip01 Neck"
	*NODE_PARENT "Bip01 Spine2"
	*NODE_TM {
		*NODE_NAME "Bip01 Neck"
		*TM_ROW0 0.000002	-0.167043	0.985949
		*TM_ROW1 0.000005	-0.985950	-0.167043
		*TM_ROW2 1.000000	0.000005	-0.000001
		*TM_ROW3 0.390478	14.262899	153.231995
		*TM_POS 0.390478	14.262899	153.231995
		*TM_ROTAXIS -0.705860	0.059370	-0.705859
		*TM_ROTANGLE 3.260200
		*TM_SCALE 1.000000	1.000000	1.000000
		*TM_SCALEAXIS -0.811786	-0.152067	0.563808
		*TM_SCALEAXISANG 0.074915
	}
	*WIREFRAME_COLOR 0.345098	0.780392	0.882353
}
*GEOMOBJECT {
	*NODE_NAME "Bip01 Head"
	*NODE_PARENT "Bip01 Neck"
	*NODE_TM {
		*NODE_NAME "Bip01 Head"
		*TM_ROW0 -0.000000	0.000002	1.000000
		*TM_ROW1 -0.000002	-1.000000	0.000002
		*TM_ROW2 1.000000	-0.000002	0.000000
		*TM_ROW3 0.390479	13.120398	159.975006
		*TM_POS 0.390479	13.120398	159.975006
		*TM_ROTAXIS -0.707107	0.000000	-0.707107
		*TM_ROTANGLE 3.141590
		*TM_SCALE 1.000000	1.000000	1.000000
		*TM_SCALEAXIS -0.994610	0.103689	0.000002
		*TM_SCALEAXISANG 0.028021
	}
	*WIREFRAME_COLOR 0.345098	0.780392	0.882353
}
*HELPEROBJECT {
	*NODE_NAME "ZS_HELMET"
	*NODE_PARENT "Bip01 Head"
	*HELPER_CLASS "Dummy"
	*NODE_TM {
		*NODE_NAME "ZS_HELMET"
		*TM_ROW0 1.000000	-0.000000	-0.000000
		*TM_ROW1 0.000000	0.992512	-0.122148
		*TM_ROW2 0.000000	0.122148	0.992512
		*TM_ROW3 0.390489	9.916970	172.481003
		*TM_POS 0.390489	9.916970	172.481003
		*TM_ROTAXIS 1.000000	-0.000000	0.000002
		*TM_ROTANGLE 0.122454
		*TM_SCALE 1.000000	1.000000	1.000000
		*TM_SCALEAXIS 0.000012	-0.547484	0.836816
		*TM_SCALEAXISANG 0.009039
	}
	*BOUNDINGBOX_MIN 0.380489	9.905824	172.469849
	*BOUNDINGBOX_MAX 0.400489	9.928117	172.492157
}
*GEOMOBJECT {
	*NODE_NAME "Bip01 L Clavicle"
	*NODE_PARENT "Bip01 Neck"
	*NODE_TM {
		*NODE_NAME "Bip01 L Clavicle"
		*TM_ROW0 0.935229	-0.203893	-0.289439
		*TM_ROW1 0.156435	0.971369	-0.178803
		*TM_ROW2 0.317608	0.121943	0.940348
		*TM_ROW3 8.354473	15.721397	147.505997
		*TM_POS 8.354473	15.721397	147.505997
		*TM_ROTAXIS 0.391940	-0.791119	0.469589
		*TM_ROTANGLE 0.393760
		*TM_SCALE 1.000000	1.000000	1.000000
		*TM_SCALEAXIS 0.866613	0.486840	-0.109407
		*TM_SCALEAXISANG 0.086987
	}
	*WIREFRAME_COLOR 0.345098	0.780392	0.882353
}
*GEOMOBJECT {
	*NODE_NAME "Bip01 L UpperArm"
	*NODE_PARENT "Bip01 L Clavicle"
	*NODE_TM {
		*NODE_NAME "Bip01 L UpperArm"
		*TM_ROW0 0.246229	0.098903	-0.964152
		*TM_ROW1 0.412789	0.889345	0.196649
		*TM_ROW2 0.876913	-0.446412	0.178157
		*TM_ROW3 20.817316	13.004400	143.649002
		*TM_POS 20.817316	13.004400	143.649002
		*TM_ROTAXIS -0.325561	-0.932072	0.158910
		*TM_ROTANGLE 1.413280
		*TM_SCALE 1.000000	1.000000	1.000000
		*TM_SCALEAXIS 0.746356	0.662863	0.059714
		*TM_SCALEAXISANG 0.596426
	}
	*WIREFRAME_COLOR 0.345098	0.780392	0.882353
}
*GEOMOBJECT {
	*NODE_NAME "Bip01 L Forearm"
	*NODE_PARENT "Bip01 L UpperArm"
	*NODE_TM {
		*NODE_NAME "Bip01 L Forearm"
		*TM_ROW0 0.045512	-0.291882	-0.955371
		*TM_ROW1 0.478490	0.845886	-0.235638
		*TM_ROW2 0.876913	-0.446411	0.178160
		*TM_ROW3 27.688711	15.764201	116.743004
		*TM_POS 27.688711	15.764201	116.743004
		*TM_ROTAXIS -0.105450	-0.916696	0.385419
		*TM_ROTANGLE 1.536011
		*TM_SCALE 1.000000	1.000000	1.000000
		*TM_SCALEAXIS 0.610814	-0.789019	0.065990
		*TM_SCALEAXISANG 0.645868
	}
	*WIREFRAME_COLOR 0.345098	0.780392	0.882353
}
*GEOMOBJECT {
	*NODE_NAME "Bip01 L Hand"
	*NODE_PARENT "Bip01 L Forearm"
	*NODE_TM {
		*NODE_NAME "Bip01 L Hand"
		*TM_ROW0 0.045513	-0.291885	-0.955370
		*TM_ROW1 -0.876533	0.447080	-0.178349
		*TM_ROW2 0.479185	0.845531	-0.235499
		*TM_ROW3 28.954712	7.645070	90.168297
		*TM_POS 28.954712	7.645070	90.168297
		*TM_ROTAXIS 0.551391	-0.772552	-0.314851
		*TM_ROTANGLE 1.951370
		*TM_SCALE 1.000000	1.000000	1.000000
		*TM_SCALEAXIS 0.953582	0.000000	-0.301134
		*TM_SCALEAXISANG 0.022799
	}
	*WIREFRAME_COLOR 0.345098	0.780392	0.882353
}
*GEOMOBJECT {
	*NODE_NAME "Bip01 L Finger0"
	*NODE_PARENT "Bip01 L Hand"
	*NODE_TM {
		*NODE_NAME "Bip01 L Finger0"
		*TM_ROW0 0.045516	-0.291889	-0.955368
		*TM_ROW1 -0.876915	0.446404	-0.178166
		*TM_ROW2 0.478485	0.845886	-0.235644
		*TM_ROW3 29.540415	3.888577	77.872902
		*TM_POS 29.540415	3.888577	77.872902
		*TM_ROTAXIS 0.551581	-0.772311	-0.315110
		*TM_ROTANGLE 1.951810
		*TM_SCALE 1.000000	1.000000	1.000000
		*TM_SCALEAXIS 0.204326	0.011509	0.978835
		*TM_SCALEAXISANG 0.471345
	}
	*WIREFRAME_COLOR 0.345098	0.780392	0.882353
}
*HELPEROBJECT {
	*NODE_NAME "Dummy"
	*NODE_PARENT "Bip01 L Finger0"
	*HELPER_CLASS "Dummy"
	*NODE_TM {
		*NODE_NAME "Dummy"
		*TM_ROW0 -1.000000	0.000002	-0.000000
		*TM_ROW1 -0.000002	-1.000000	0.000000
		*TM_ROW2 -0.000000	0.000000	1.000000
		*TM_ROW3 29.833313	2.010327	71.725098
		*TM_POS 29.833313	2.010327	71.725098
		*TM_ROTAXIS 0.000000	-0.000000	-1.000000
		*TM_ROTANGLE 3.141590
		*TM_SCALE 1.000000	1.000000	1.000000
		*TM_SCALEAXIS 0.000000	-0.828545	0.559922
		*TM_SCALEAXISANG 0.433869
	}
	*BOUNDINGBOX_MIN 29.823313	2.000327	71.715096
	*BOUNDINGBOX_MAX 29.843313	2.020327	71.735100
}
*HELPEROBJECT {
	*NODE_NAME "ZS_LEFTHAND"
	*NODE_PARENT "Bip01 L Hand"
	*HELPER_CLASS "Dummy"
	*NODE_TM {
		*NODE_NAME "ZS_LEFTHAND"
		*TM_ROW0 0.435604	0.890063	-0.134306
		*TM_ROW1 0.180315	-0.232465	-0.955744
		*TM_ROW2 -0.881893	0.392109	-0.261754
		*TM_ROW3 27.150915	5.432697	81.563004
		*TM_POS 27.150915	5.432697	81.563004
		*TM_ROTAXIS -0.794322	-0.440571	0.418271
		*TM_ROTANGLE 4.154605
		*TM_SCALE 1.000000	1.000000	1.000000
		*TM_SCALEAXIS -0.981427	0.162617	-0.101763
		*TM_SCALEAXISANG 0.636174
	}
	*BOUNDINGBOX_MIN 27.135937	5.417551	81.549484
	*BOUNDINGBOX_MAX 27.165894	5.447844	81.576523
}
*HELPEROBJECT {
	*NODE_NAME "ZS_LEFTARM"
	*NODE_PARENT "Bip01 L Forearm"
	*HELPER_CLASS "Dummy"
	*NODE_TM {
		*NODE_NAME "ZS_LEFTARM"
		*TM_ROW0 0.075992	-0.150177	-0.985734
		*TM_ROW1 0.524498	0.846792	-0.088574
		*TM_ROW2 0.848013	-0.510285	0.143117
		*TM_ROW3 27.300611	9.301120	108.832001
		*TM_POS 27.300611	9.301120	108.832001
		*TM_ROTAXIS -0.210970	-0.917372	0.337521
		*TM_ROTANGLE 1.537840
		*TM_SCALE 1.000000	1.000000	1.000000
		*TM_SCALEAXIS 0.913576	0.356238	-0.196147
		*TM_SCALEAXISANG 0.546524
	}
	*BOUNDINGBOX_MIN 27.286127	9.286047	108.819824
	*BOUNDINGBOX_MAX 27.315096	9.316193	108.844177
}
*GEOMOBJECT {
	*NODE_NAME "Bip01 R Clavicle"
	*NODE_PARENT "Bip01 Neck"
	*NODE_TM {
		*NODE_NAME "Bip01 R Clavicle"
		*TM_ROW0 -0.935226	-0.203899	-0.289444
		*TM_ROW1 -0.156442	0.971369	-0.178799
		*TM_ROW2 0.317614	-0.121937	-0.940348
		*TM_ROW3 -7.573507	15.721397	147.505997
		*TM_POS -7.573507	15.721397	147.505997
		*TM_ROTAXIS 0.092980	-0.992639	0.077600
		*TM_ROTANGLE 2.830836
		*TM_SCALE 1.000000	1.000000	1.000000
		*TM_SCALEAXIS 0.649031	-0.000000	-0.760762
		*TM_SCALEAXISANG 0.226490
	}
	*WIREFRAME_COLOR 0.345098	0.780392	0.882353
}
*GEOMOBJECT {
	*NODE_NAME "Bip01 R UpperArm"
	*NODE_PARENT "Bip01 R Clavicle"
	*NODE_TM {
		*NODE_NAME "Bip01 R UpperArm"
		*TM_ROW0 -0.246232	0.098894	-0.964152
		*TM_ROW1 -0.412792	0.889345	0.196643
		*TM_ROW2 0.876911	0.446414	-0.178163
		*TM_ROW3 -20.036385	13.004299	143.649002
		*TM_POS -20.036385	13.004299	143.649002
		*TM_ROTAXIS 0.129610	-0.955353	-0.265521
		*TM_ROTANGLE 1.841620
		*TM_SCALE 1.000000	1.000000	1.000000
		*TM_SCALEAXIS -0.550025	0.835148	0.000000
		*TM_SCALEAXISANG 0.177528
	}
	*WIREFRAME_COLOR 0.345098	0.780392	0.882353
}
*GEOMOBJECT {
	*NODE_NAME "Bip01 R Forearm"
	*NODE_PARENT "Bip01 R UpperArm"
	*NODE_TM {
		*NODE_NAME "Bip01 R Forearm"
		*TM_ROW0 -0.045509	-0.291889	-0.955369
		*TM_ROW1 -0.478488	0.845885	-0.235646
		*TM_ROW2 0.876914	0.446408	-0.178161
		*TM_ROW3 -26.907688	15.764100	116.742996
		*TM_POS -26.907688	15.764100	116.742996
		*TM_ROTAXIS 0.347279	-0.932937	-0.095010
		*TM_ROTANGLE 1.760831
		*TM_SCALE 1.000000	1.000000	1.000000
		*TM_SCALEAXIS -0.973564	-0.228416	0.000000
		*TM_SCALEAXISANG 0.206216
	}
	*WIREFRAME_COLOR 0.345098	0.780392	0.882353
}
*GEOMOBJECT {
	*NODE_NAME "Bip01 R Hand"
	*NODE_PARENT "Bip01 R Forearm"
	*NODE_TM {
		*NODE_NAME "Bip01 R Hand"
		*TM_ROW0 -0.045512	-0.291885	-0.955370
		*TM_ROW1 0.876529	0.447088	-0.178351
		*TM_ROW2 0.479192	-0.845527	0.235498
		*TM_ROW3 -28.173689	7.645010	90.168404
		*TM_POS -28.173689	7.645010	90.168404
		*TM_ROTAXIS -0.339220	-0.729391	0.594070
		*TM_ROTANGLE 1.753271
		*TM_SCALE 1.000000	1.000000	1.000000
		*TM_SCALEAXIS -0.508712	-0.251205	0.823473
		*TM_SCALEAXISANG 0.093098
	}
	*WIREFRAME_COLOR 0.345098	0.780392	0.882353
}
*GEOMOBJECT {
	*NODE_NAME "Bip01 R Finger0"
	*NODE_PARENT "Bip01 R Hand"
	*NODE_TM {
		*NODE_NAME "Bip01 R Finger0"
		*TM_ROW0 -0.045506	-0.291877	-0.955373
		*TM_ROW1 0.876913	0.446413	-0.178153
		*TM_ROW2 0.478489	-0.845886	0.235636
		*TM_ROW3 -28.759392	3.888508	77.872902
		*TM_POS -28.759392	3.888508	77.872902
		*TM_ROTAXIS -0.339520	-0.729071	0.594291
		*TM_ROTANGLE 1.753540
		*TM_SCALE 1.000000	1.000000	1.000000
		*TM_SCALEAXIS 0.000000	-0.963122	-0.269066
		*TM_SCALEAXISANG 0.261407
	}
	*WIREFRAME_COLOR 0.345098	0.780392	0.882353
}
*HELPEROBJECT {
	*NODE_NAME "Dummy1"
	*NODE_PARENT "Bip01 R Finger0"
	*HELPER_CLASS "Dummy"
	*NODE_TM {
		*NODE_NAME "Dummy1"
		*TM_ROW0 -1.000000	0.000002	-0.000000
		*TM_ROW1 -0.000002	-1.000000	-0.000000
		*TM_ROW2 -0.000000	-0.000000	1.000000
		*TM_ROW3 -29.052290	2.010260	71.725197
		*TM_POS -29.052290	2.010260	71.725197
		*TM_ROTAXIS 0.000000	0.000000	-1.000000
		*TM_ROTANGLE 3.141590
		*TM_SCALE 1.000000	1.000000	1.000000
		*TM_SCALEAXIS 0.111945	-0.753173	-0.648227
		*TM_SCALEAXISANG 0.503021
	}
	*BOUNDINGBOX_MIN -29.062290	2.000260	71.715195
	*BOUNDINGBOX_MAX -29.042290	2.020260	71.735199
}
*HELPEROBJECT {
	*NODE_NAME "ZS_RIGHTHAND"
	*NODE_PARENT "Bip01 R Hand"
	*HELPER_CLASS "Dummy"
	*NODE_TM {
		*NODE_NAME "ZS_RIGHTHAND"
		*TM_ROW0 -0.464340	0.856419	-0.225689
		*TM_ROW1 0.177857	0.339806	0.923526
		*TM_ROW2 0.867615	0.388689	-0.310105
		*TM_ROW3 -20.548393	-3.005783	84.670502
		*TM_POS -20.548393	-3.005783	84.670502
		*TM_ROTAXIS -0.383811	-0.784581	-0.486952
		*TM_ROTANGLE 2.370744
		*TM_SCALE 1.000000	1.000000	1.000000
		*TM_SCALEAXIS 0.715055	-0.321516	0.620745
		*TM_SCALEAXISANG 0.405938
	}
	*BOUNDINGBOX_MIN -20.563492	-3.021632	84.655907
	*BOUNDINGBOX_MAX -20.533295	-2.989934	84.685097
}
*HELPEROBJECT {
	*NODE_NAME "ZS_CROSSBOW"
	*NODE_PARENT "Bip01 Spine2"
	*HELPER_CLASS "Dummy"
	*NODE_TM {
		*NODE_NAME "ZS_CROSSBOW"
		*TM_ROW0 -0.382690	-0.111467	0.917128
		*TM_ROW1 -0.923877	0.046170	-0.379894
		*TM_ROW2 0.000002	-0.992695	-0.120650
		*TM_ROW3 -14.043586	27.570997	164.757004
		*TM_POS -14.043586	27.570997	164.757004
		*TM_ROTAXIS 0.447329	-0.669479	0.593039
		*TM_ROTANGLE 3.896135
		*TM_SCALE 1.000000	1.000000	1.000000
		*TM_SCALEAXIS 0.000000	0.000000	0.000000
		*TM_SCALEAXISANG 0.000000
	}
	*BOUNDINGBOX_MIN -14.056651	27.559494	164.742828
	*BOUNDINGBOX_MAX -14.030520	27.582500	164.771179
}
*HELPEROBJECT {
	*NODE_NAME "ZS_LONGSWORD"
	*NODE_PARENT "Bip01 Spine2"
	*HELPER_CLASS "Dummy"
	*NODE_TM {
		*NODE_NAME "ZS_LONGSWORD"
		*TM_ROW0 -0.499832	-0.091504	0.861276
		*TM_ROW1 -0.865727	0.082817	-0.493617
		*TM_ROW2 -0.026161	-0.992355	-0.120612
		*TM_ROW3 -17.768785	23.905699	156.417007
		*TM_POS -17.768785	23.905699	156.417007
		*TM_ROTAXIS 0.389960	-0.693880	0.605360
		*TM_ROTANGLE 3.835406
		*TM_SCALE 1.000000	1.000000	1.000000
		*TM_SCALEAXIS 0.915575	-0.000000	-0.402146
		*TM_SCALEAXISANG 0.303885
	}
	*BOUNDINGBOX_MIN -17.782703	23.894032	156.402252
	*BOUNDINGBOX_MAX -17.754868	23.917366	156.431763
}
*HELPEROBJECT {
	*NODE_NAME "ZS_SHIELD"
	*NODE_PARENT "Bip01 Spine2"
	*HELPER_CLASS "Dummy"
	*NODE_TM {
		*NODE_NAME "ZS_SHIELD"
		*TM_ROW0 -0.013868	0.114196	-0.993362
		*TM_ROW1 -0.908393	0.413755	0.060247
		*TM_ROW2 0.417888	0.903198	0.097997
		*TM_ROW3 9.155582	26.507700	130.653000
		*TM_POS 9.155582	26.507700	130.653000
		*TM_ROTAXIS 0.435421	-0.728972	-0.528212
		*TM_ROTANGLE 1.824570
		*TM_SCALE 1.000000	1.000000	1.000000
		*TM_SCALEAXIS 0.833633	0.331124	0.442055
		*TM_SCALEAXISANG 0.101069
	}
	*BOUNDINGBOX_MIN 9.142181	26.493389	130.641479
	*BOUNDINGBOX_MAX 9.168983	26.522011	130.664520
}
*HELPEROBJECT {
	*NODE_NAME "ZS_BOW"
	*NODE_PARENT "Bip01 Spine2"
	*HELPER_CLASS "Dummy"
	*NODE_TM {
		*NODE_NAME "ZS_BOW"
		*TM_ROW0 -0.341817	-0.086823	0.935747
		*TM_ROW1 0.011944	0.995241	0.096706
		*TM_ROW2 -0.939691	0.044232	-0.339153
		*TM_ROW3 0.891672	29.393801	123.327003
		*TM_POS 0.891672	29.393801	123.327003
		*TM_ROTAXIS -0.027930	0.998227	0.052570
		*TM_ROTANGLE 1.920761
		*TM_SCALE 1.000000	1.000000	1.000000
		*TM_SCALEAXIS 0.324295	0.000000	0.945956
		*TM_SCALEAXISANG 0.204518
	}
	*BOUNDINGBOX_MIN 0.878737	29.382538	123.313286
	*BOUNDINGBOX_MAX 0.904606	29.405064	123.340721
}
*HELPEROBJECT {
	*NODE_NAME "ZS_SWORD"
	*NODE_PARENT "Bip01 Spine"
	*HELPER_CLASS "Dummy"
	*NODE_TM {
		*NODE_NAME "ZS_SWORD"
		*TM_ROW0 -0.000000	-0.347172	0.937802
		*TM_ROW1 -0.000000	0.937801	0.347172
		*TM_ROW2 -1.000000	0.000000	-0.000000
		*TM_ROW3 17.891912	12.617300	105.143997
		*TM_POS 17.891912	12.617300	105.143997
		*TM_ROTAXIS -0.173670	0.969370	0.173670
		*TM_ROTANGLE 1.601901
		*TM_SCALE 1.000000	1.000000	1.000000
		*TM_SCALEAXIS -0.015606	0.061963	-0.997956
		*TM_SCALEAXISANG 0.094495
	}
	*BOUNDINGBOX_MIN 17.881912	12.604450	105.131149
	*BOUNDINGBOX_MAX 17.901913	12.630150	105.156845
}
*GEOMOBJECT {
	*NODE_NAME "Bip01 L Thigh"
	*NODE_PARENT "Bip01 Pelvis"
	*NODE_TM {
		*NODE_NAME "Bip01 L Thigh"
		*TM_ROW0 0.053488	-0.036792	-0.997891
		*TM_ROW1 -0.002159	-0.999323	0.036729
		*TM_ROW2 -0.998566	0.000190	-0.053531
		*TM_ROW3 9.400711	8.968160	98.726898
		*TM_POS 9.400711	8.968160	98.726898
		*TM_ROTAXIS -0.725720	0.013420	0.687860
		*TM_ROTANGLE 3.116416
		*TM_SCALE 1.000000	1.000000	1.000000
		*TM_SCALEAXIS 0.805968	0.591959	0.000007
		*TM_SCALEAXISANG 0.002273
	}
	*WIREFRAME_COLOR 0.345098	0.780392	0.882353
}
*GEOMOBJECT {
	*NODE_NAME "Bip01 L Calf"
	*NODE_PARENT "Bip01 L Thigh"
	*NODE_TM {
		*NODE_NAME "Bip01 L Calf"
		*TM_ROW0 0.052513	0.197549	-0.978886
		*TM_ROW1 0.010393	-0.980293	-0.197275
		*TM_ROW2 -0.998566	0.000185	-0.053531
		*TM_ROW3 11.505411	7.521000	59.464996
		*TM_POS 11.505411	7.521000	59.464996
		*TM_ROTAXIS -0.723901	-0.072150	0.686121
		*TM_ROTANGLE 3.278406
		*TM_SCALE 1.000000	1.000000	1.000000
		*TM_SCALEAXIS 0.108063	-0.994144	0.000000
		*TM_SCALEAXISANG 0.170865
	}
	*WIREFRAME_COLOR 0.345098	0.780392	0.882353
}
*GEOMOBJECT {
	*NODE_NAME "Bip01 L Foot"
	*NODE_PARENT "Bip01 L Calf"
	*NODE_TM {
		*NODE_NAME "Bip01 L Foot"
		*TM_ROW0 -0.000000	0.000004	-1.000000
		*TM_ROW1 0.173656	-0.984807	-0.000004
		*TM_ROW2 -0.984806	-0.173656	-0.000001
		*TM_ROW3 14.083911	17.220098	11.404003
		*TM_POS 14.083911	17.220098	11.404003
		*TM_ROTAXIS -0.705757	-0.061750	0.705757
		*TM_ROTANGLE 3.018255
		*TM_SCALE 1.000000	1.000000	1.000000
		*TM_SCALEAXIS -0.257258	0.966343	0.000000
		*TM_SCALEAXISANG 0.534282
	}
	*WIREFRAME_COLOR 0.345098	0.780392	0.882353
}
*GEOMOBJECT {
	*NODE_NAME "Bip01 L Toe0"
	*NODE_PARENT "Bip01 L Foot"
	*NODE_TM {
		*NODE_NAME "Bip01 L Toe0"
		*TM_ROW0 0.173646	-0.984808	0.000005
		*TM_ROW1 0.000005	0.000006	1.000000
		*TM_ROW2 -0.984808	-0.173646	0.000006
		*TM_ROW3 18.016012	-5.079689	-1.222689
		*TM_POS 18.016012	-5.079689	-1.222689
		*TM_ROTAXIS -0.644398	0.540718	0.540718
		*TM_ROTANGLE 1.996730
		*TM_SCALE 1.000000	1.000000	1.000000
		*TM_SCALEAXIS 0.072970	0.361659	0.929451
		*TM_SCALEAXISANG 0.387171
	}
	*WIREFRAME_COLOR 0.101961	0.694118	0.101961
}
*HELPEROBJECT {
	*NODE_NAME "Dummy2"
	*NODE_PARENT "Bip01 L Toe0"
	*HELPER_CLASS "Dummy"
	*NODE_TM {
		*NODE_NAME "Dummy2"
		*TM_ROW0 -1.000000	0.000003	0.000000
		*TM_ROW1 -0.000003	-1.000000	0.000001
		*TM_ROW2 0.000000	0.000001	1.000000
		*TM_ROW3 19.982111	-16.229603	-7.536049
		*TM_POS 19.982111	-16.229603	-7.536049
		*TM_ROTAXIS -0.000000	-0.000000	-1.000000
		*TM_ROTANGLE 3.141590
		*TM_SCALE 1.000000	1.000000	1.000000
		*TM_SCALEAXIS 0.990805	-0.135297	-0.000000
		*TM_SCALEAXISANG 0.156744
	}
	*BOUNDINGBOX_MIN 19.972111	-16.239603	-7.546050
	*BOUNDINGBOX_MAX 19.992111	-16.219603	-7.526049
}
*GEOMOBJECT {
	*NODE_NAME "Bip01 R Thigh"
	*NODE_PARENT "Bip01 Pelvis"
	*NODE_TM {
		*NODE_NAME "Bip01 R Thigh"
		*TM_ROW0 -0.053503	-0.036775	-0.997890
		*TM_ROW1 0.002058	-0.999323	0.036717
		*TM_ROW2 -0.998566	-0.000089	0.053543
		*TM_ROW3 -8.619739	8.968130	98.726898
		*TM_POS -8.619739	8.968130	98.726898
		*TM_ROTAXIS 0.687862	-0.012620	-0.725732
		*TM_ROTANGLE 3.168350
		*TM_SCALE 1.000000	1.000000	1.000000
		*TM_SCALEAXIS 0.439624	0.000001	0.898182
		*TM_SCALEAXISANG 0.023845
	}
	*WIREFRAME_COLOR 0.101961	0.694118	0.101961
}
*GEOMOBJECT {
	*NODE_NAME "Bip01 R Calf"
	*NODE_PARENT "Bip01 R Thigh"
	*NODE_TM {
		*NODE_NAME "Bip01 R Calf"
		*TM_ROW0 -0.052503	0.197539	-0.978888
		*TM_ROW1 -0.010497	-0.980295	-0.197260
		*TM_ROW2 -0.998566	-0.000082	0.053542
		*TM_ROW3 -10.724989	7.520890	59.465099
		*TM_POS -10.724989	7.520890	59.465099
		*TM_ROTAXIS 0.686298	0.068490	-0.724088
		*TM_ROTANGLE 2.997440
		*TM_SCALE 1.000000	1.000000	1.000000
		*TM_SCALEAXIS 0.000001	0.219363	-0.975643
		*TM_SCALEAXISANG 0.062426
	}
	*WIREFRAME_COLOR 0.101961	0.694118	0.101961
}
*GEOMOBJECT {
	*NODE_NAME "Bip01 R Foot"
	*NODE_PARENT "Bip01 R Calf"
	*NODE_TM {
		*NODE_NAME "Bip01 R Foot"
		*TM_ROW0 -0.000001	-0.000007	-1.000000
		*TM_ROW1 -0.173652	-0.984807	0.000007
		*TM_ROW2 -0.984807	0.173652	-0.000001
		*TM_ROW3 -13.302989	17.220098	11.404102
		*TM_POS -13.302989	17.220098	11.404102
		*TM_ROTAXIS -0.705757	0.061750	0.705757
		*TM_ROTANGLE 3.264925
		*TM_SCALE 1.000000	1.000000	1.000000
		*TM_SCALEAXIS -0.000000	-0.965555	0.260198
		*TM_SCALEAXISANG 0.386914
	}
	*WIREFRAME_COLOR 0.101961	0.694118	0.101961
}
*GEOMOBJECT {
	*NODE_NAME "Bip01 R Toe0"
	*NODE_PARENT "Bip01 R Foot"
	*NODE_TM {
		*NODE_NAME "Bip01 R Toe0"
		*TM_ROW0 -0.173653	-0.984807	0.000001
		*TM_ROW1 0.000001	0.000000	1.000000
		*TM_ROW2 -0.984807	0.173653	0.000001
		*TM_ROW3 -17.234989	-5.079730	-1.222642
		*TM_POS -17.234989	-5.079730	-1.222642
		*TM_ROTAXIS 0.510271	-0.608121	-0.608121
		*TM_ROTANGLE 4.085256
		*TM_SCALE 1.000000	1.000000	1.000000
		*TM_SCALEAXIS 0.000000	-0.748596	0.663026
		*TM_SCALEAXISANG 0.370828
	}
	*WIREFRAME_COLOR 0.101961	0.694118	0.101961
}
*HELPEROBJECT {
	*NODE_NAME "Dummy3"
	*NODE_PARENT "Bip01 R Toe0"
	*HELPER_CLASS "Dummy"
	*NODE_TM {
		*NODE_NAME "Dummy3"
		*TM_ROW0 -1.000000	0.000003	0.000000
		*TM_ROW1 -0.000003	-1.000000	0.000000
		*TM_ROW2 0.000000	0.000000	1.000000
		*TM_ROW3 -19.201088	-16.229601	-7.536000
		*TM_POS -19.201088	-16.229601	-7.536000
		*TM_ROTAXIS -0.000000	-0.000000	-1.000000
		*TM_ROTANGLE 3.141590
		*TM_SCALE 1.000000	1.000000	1.000000
		*TM_SCALEAXIS 0.893699	-0.353020	-0.276911
		*TM_SCALEAXISANG 0.161632
	}
	*BOUNDINGBOX_MIN -19.211088	-16.239601	-7.546000
	*BOUNDINGBOX_MAX -19.191088	-16.219601	-7.526000
}
*GEOMOBJECT {
	*NODE_NAME "zm_Skin"
	*NODE_PARENT "Bip01"
	*NODE_TM {
		*NODE_NAME "zm_Skin"
		*TM_ROW0 -1.000000	0.000003	0.000000
		*TM_ROW1 -0.000003	-1.000000	0.000000
		*TM_ROW2 0.000000	0.000000	1.000000
		*TM_ROW3 -0.594888	-0.000000	0.000000
		*TM_POS -0.594888	-0.000000	0.000000
		*TM_ROTAXIS 0.000000	0.000000	-1.000000
		*TM_ROTANGLE 3.141590
		*TM_SCALE 1.000000	1.000000	1.000000
		*TM_SCALEAXIS 0.000000	0.000000	0.000000
		*TM_SCALEAXISANG 0.000000
	}
	*MATERIAL_REF 0
	*MESH_SOFTSKIN {
		*TIMEVALUE 0
		*MESH_NUMVERTEX 440
		*MESH_NUMFACES 864
		*MESH_VERTEX_LIST {
			*MESH_VERTEX    0	-20.010151	19.191381	143.346863
			*MESH_VERTEX    1	-4.444214	12.118077	164.276688
			*MESH_VERTEX    2	5.162236	12.118066	164.276718
			*MESH_VERTEX    3	-7.563414	17.768383	89.779411
			*MESH_VERTEX    4	25.176115	19.746984	118.738831
			*MESH_VERTEX    5	21.578474	18.922174	142.829285
			*MESH_VERTEX    6	0.407290	17.778963	165.947876
			*MESH_VERTEX    7	-14.362760	10.616208	140.781342
			*MESH_VERTEX    8	22.286770	13.510098	120.930092
			*MESH_VERTEX    9	-18.101419	9.891647	92.598259
			*MESH_VERTEX   10	0.404648	7.667188	150.707947
			*MESH_VERTEX   11	5.398506	15.546815	156.780807
			*MESH_VERTEX   12	0.407256	7.948271	162.844727
			*MESH_VERTEX   13	8.234167	18.174477	89.837570
			*MESH_VERTEX   14	-20.655214	15.874584	147.129654
			*MESH_VERTEX   15	-4.646836	15.545587	156.790817
			*MESH_VERTEX   16	1.848540	7.351084	92.946793
			*MESH_VERTEX   17	9.618121	8.132460	117.526009
			*MESH_VERTEX   18	17.446203	3.355421	63.256840
			*MESH_VERTEX   19	19.772713	8.859970	81.274109
			*MESH_VERTEX   20	-7.944020	11.722680	118.797997
			*MESH_VERTEX   21	3.313496	13.886745	119.389816
			*MESH_VERTEX   22	0.353023	19.139221	155.670288
			*MESH_VERTEX   23	-12.176825	-1.437098	79.784340
			*MESH_VERTEX   24	8.282571	2.045014	114.959015
			*MESH_VERTEX   25	-1.474558	6.924857	93.072556
			*MESH_VERTEX   26	12.014103	14.270768	114.017166
			*MESH_VERTEX   27	-8.998245	5.534292	116.669052
			*MESH_VERTEX   28	-2.416717	-0.783457	114.609062
			*MESH_VERTEX   29	7.630505	3.618871	146.025253
			*MESH_VERTEX   30	-26.686964	11.219183	122.254356
			*MESH_VERTEX   31	-4.994085	10.160647	61.506618
			*MESH_VERTEX   32	-14.577878	9.792203	63.249954
			*MESH_VERTEX   33	-17.469742	17.180611	139.088333
			*MESH_VERTEX   34	18.583828	7.774629	142.631241
			*MESH_VERTEX   35	-9.781979	7.584854	147.513947
			*MESH_VERTEX   36	-17.288738	3.193206	80.544044
			*MESH_VERTEX   37	18.239990	17.198864	139.207596
			*MESH_VERTEX   38	9.885105	-0.142372	63.530399
			*MESH_VERTEX   39	-3.608066	15.994907	92.190559
			*MESH_VERTEX   40	4.436685	11.168406	153.195343
			*MESH_VERTEX   41	-12.649397	16.624588	90.327065
			*MESH_VERTEX   42	-13.441886	9.319155	113.777992
			*MESH_VERTEX   43	-3.660422	11.391541	153.078934
			*MESH_VERTEX   44	4.820392	16.330917	92.209076
			*MESH_VERTEX   45	-3.133834	15.915493	165.453934
			*MESH_VERTEX   46	4.249733	15.541365	165.319809
			*MESH_VERTEX   47	7.173352	10.677073	61.638695
			*MESH_VERTEX   48	11.786595	15.395634	151.254257
			*MESH_VERTEX   49	9.559752	18.454567	111.609245
			*MESH_VERTEX   50	-8.387088	0.393913	63.293823
			*MESH_VERTEX   51	-4.912126	0.133108	93.591179
			*MESH_VERTEX   52	13.768073	8.825148	113.670349
			*MESH_VERTEX   53	10.712615	17.617525	149.602859
			*MESH_VERTEX   54	16.558634	0.697355	93.538101
			*MESH_VERTEX   55	-9.826682	17.846354	149.808243
			*MESH_VERTEX   56	22.426163	16.934422	119.564705
			*MESH_VERTEX   57	-7.992533	3.605229	146.019287
			*MESH_VERTEX   58	-11.158297	15.682185	151.496185
			*MESH_VERTEX   59	27.641281	10.938437	121.767441
			*MESH_VERTEX   60	-11.833714	-1.254477	94.215836
			*MESH_VERTEX   61	12.096915	-1.254211	94.155411
			*MESH_VERTEX   62	-21.573080	16.995733	119.626610
			*MESH_VERTEX   63	-11.031736	14.624566	114.060997
			*MESH_VERTEX   64	-7.418477	2.297846	115.146004
			*MESH_VERTEX   65	-19.005520	9.088397	147.287460
			*MESH_VERTEX   66	7.618812	11.400561	118.750298
			*MESH_VERTEX   67	3.264910	-0.813941	114.568054
			*MESH_VERTEX   68	13.046606	-1.213172	79.920753
			*MESH_VERTEX   69	14.137510	-0.873907	63.826168
			*MESH_VERTEX   70	-15.498655	0.898960	93.552048
			*MESH_VERTEX   71	-10.514112	12.329592	121.905624
			*MESH_VERTEX   72	-13.888931	16.323734	81.391640
			*MESH_VERTEX   73	-12.632808	11.722111	63.445103
			*MESH_VERTEX   74	-9.206827	12.596350	63.274162
			*MESH_VERTEX   75	-0.162761	2.404193	144.441772
			*MESH_VERTEX   76	10.376570	11.329345	150.420349
			*MESH_VERTEX   77	10.231201	7.657112	147.559265
			*MESH_VERTEX   78	-8.550140	1.561522	120.098045
			*MESH_VERTEX   79	-2.603718	13.975924	119.401291
			*MESH_VERTEX   80	-3.270518	-0.748082	111.096848
			*MESH_VERTEX   81	9.839308	5.146601	116.486031
			*MESH_VERTEX   82	5.963739	19.025669	153.138062
			*MESH_VERTEX   83	0.282736	19.954306	149.278946
			*MESH_VERTEX   84	-5.124961	18.696054	153.368439
			*MESH_VERTEX   85	9.079266	19.610010	149.290588
			*MESH_VERTEX   86	3.287171	-0.747828	111.092918
			*MESH_VERTEX   87	-8.234449	19.810530	149.431198
			*MESH_VERTEX   88	5.362617	0.336389	93.350456
			*MESH_VERTEX   89	14.517091	13.104546	63.187077
			*MESH_VERTEX   90	11.433925	13.507058	63.080807
			*MESH_VERTEX   91	9.651129	17.649017	81.070122
			*MESH_VERTEX   92	19.445911	9.597963	92.675430
			*MESH_VERTEX   93	7.264379	15.434947	154.291855
			*MESH_VERTEX   94	-2.628573	5.473774	80.037270
			*MESH_VERTEX   95	-2.905302	12.898565	80.425819
			*MESH_VERTEX   96	-28.709385	19.971050	116.259193
			*MESH_VERTEX   97	-3.284217	6.699732	61.459999
			*MESH_VERTEX   98	-6.961113	15.492115	154.115784
			*MESH_VERTEX   99	-9.767523	11.608711	150.647415
			*MESH_VERTEX  100	10.716932	11.962883	121.894508
			*MESH_VERTEX  101	-12.400029	-0.453748	63.453865
			*MESH_VERTEX  102	3.915476	6.079663	79.978767
			*MESH_VERTEX  103	5.158918	7.031639	62.670101
			*MESH_VERTEX  104	-10.046700	7.606254	120.887680
			*MESH_VERTEX  105	18.584187	3.057822	80.771378
			*MESH_VERTEX  106	-3.500617	-2.534483	120.056862
			*MESH_VERTEX  107	-13.602376	14.900044	111.632278
			*MESH_VERTEX  108	-21.339262	13.792092	121.368187
			*MESH_VERTEX  109	7.221673	0.491019	111.179070
			*MESH_VERTEX  110	-7.920462	17.508438	81.163094
			*MESH_VERTEX  111	15.087307	16.177467	81.379898
			*MESH_VERTEX  112	17.239321	10.334748	63.129780
			*MESH_VERTEX  113	-18.159199	9.124204	81.138466
			*MESH_VERTEX  114	-15.942385	4.911746	63.295101
			*MESH_VERTEX  115	-7.227083	0.497320	111.188202
			*MESH_VERTEX  116	3.062635	9.614333	163.454758
			*MESH_VERTEX  117	-3.978577	13.835386	122.897278
			*MESH_VERTEX  118	-8.757318	8.462963	117.456001
			*MESH_VERTEX  119	14.169849	16.656731	90.400414
			*MESH_VERTEX  120	4.723537	13.815810	122.985565
			*MESH_VERTEX  121	-2.371468	9.731310	163.496597
			*MESH_VERTEX  122	5.162761	13.330151	80.395439
			*MESH_VERTEX  123	-6.871187	-0.199415	78.999947
			*MESH_VERTEX  124	30.078369	13.151689	120.893204
			*MESH_VERTEX  125	-29.140162	13.381232	121.127106
			*MESH_VERTEX  126	7.333097	0.292943	79.000923
			*MESH_VERTEX  127	-22.548618	16.569569	116.009506
			*MESH_VERTEX  128	0.287114	14.204056	119.458794
			*MESH_VERTEX  129	-27.825970	10.642274	117.539360
			*MESH_VERTEX  130	24.243549	11.001865	121.263741
			*MESH_VERTEX  131	30.915901	12.784714	117.364578
			*MESH_VERTEX  132	23.310291	16.587505	115.890411
			*MESH_VERTEX  133	25.701563	19.160925	115.937363
			*MESH_VERTEX  134	-23.264450	11.302634	121.786606
			*MESH_VERTEX  135	29.431129	9.656615	113.866051
			*MESH_VERTEX  136	25.711336	9.609374	112.618614
			*MESH_VERTEX  137	31.703585	11.782866	113.621262
			*MESH_VERTEX  138	23.704834	12.657029	113.347984
			*MESH_VERTEX  139	26.387362	18.363787	112.277328
			*MESH_VERTEX  140	23.822058	15.864239	112.635376
			*MESH_VERTEX  141	32.198631	15.301568	112.834824
			*MESH_VERTEX  142	29.927031	18.678984	112.487038
			*MESH_VERTEX  143	27.260498	4.998161	91.375633
			*MESH_VERTEX  144	27.040138	8.415278	90.457207
			*MESH_VERTEX  145	27.008881	9.431517	93.825920
			*MESH_VERTEX  146	24.515219	23.141541	121.246788
			*MESH_VERTEX  147	17.895504	18.719824	122.636230
			*MESH_VERTEX  148	33.086754	19.031725	122.591904
			*MESH_VERTEX  149	22.177641	7.801840	124.277664
			*MESH_VERTEX  150	18.927349	11.781310	124.115105
			*MESH_VERTEX  151	29.597282	11.445581	89.813683
			*MESH_VERTEX  152	-26.132723	8.334064	78.155151
			*MESH_VERTEX  153	-28.536407	11.425756	89.316055
			*MESH_VERTEX  154	30.674995	7.201128	78.253983
			*MESH_VERTEX  155	29.015957	0.879291	80.245079
			*MESH_VERTEX  156	-28.155396	0.945337	80.352936
			*MESH_VERTEX  157	-23.338146	4.985269	86.833679
			*MESH_VERTEX  158	-28.252235	4.035415	91.538475
			*MESH_VERTEX  159	-24.120535	1.453500	82.968948
			*MESH_VERTEX  160	30.205080	9.430950	83.570168
			*MESH_VERTEX  161	24.173752	4.850448	86.754402
			*MESH_VERTEX  162	23.585272	2.175906	82.361778
			*MESH_VERTEX  163	27.951277	2.493016	86.377312
			*MESH_VERTEX  164	-24.981878	2.791842	79.115883
			*MESH_VERTEX  165	-29.559597	9.423081	83.702240
			*MESH_VERTEX  166	-29.940401	7.243635	78.386307
			*MESH_VERTEX  167	-27.081558	2.575907	86.474098
			*MESH_VERTEX  168	25.788179	2.671258	79.027405
			*MESH_VERTEX  169	-23.884573	2.333210	88.732414
			*MESH_VERTEX  170	29.607975	7.941496	79.680084
			*MESH_VERTEX  171	29.009851	4.143728	91.710358
			*MESH_VERTEX  172	-26.426155	8.298775	90.288956
			*MESH_VERTEX  173	26.686085	8.296806	79.143684
			*MESH_VERTEX  174	32.124065	10.251734	90.286163
			*MESH_VERTEX  175	24.773151	2.193692	88.661568
			*MESH_VERTEX  176	27.237377	7.078871	87.217514
			*MESH_VERTEX  177	-26.317299	6.937157	87.388748
			*MESH_VERTEX  178	-31.305243	10.372856	90.150146
			*MESH_VERTEX  179	-28.882360	7.997463	79.795860
			*MESH_VERTEX  180	28.187107	1.919744	81.437775
			*MESH_VERTEX  181	-27.340839	1.996929	81.530159
			*MESH_VERTEX  182	26.876575	8.151590	77.862907
			*MESH_VERTEX  183	-26.482533	4.899047	91.202972
			*MESH_VERTEX  184	32.440788	7.984383	82.067459
			*MESH_VERTEX  185	32.248325	3.340271	83.398010
			*MESH_VERTEX  186	31.583048	6.139611	91.341560
			*MESH_VERTEX  187	-30.458696	1.027774	83.778526
			*MESH_VERTEX  188	-23.556818	5.047013	89.419106
			*MESH_VERTEX  189	25.846968	3.458754	80.265549
			*MESH_VERTEX  190	-25.049480	3.573811	80.344170
			*MESH_VERTEX  191	-25.979498	8.403616	79.238953
			*MESH_VERTEX  192	24.397259	4.900643	89.341263
			*MESH_VERTEX  193	24.659267	3.035941	82.872795
			*MESH_VERTEX  194	26.460697	2.669664	86.158791
			*MESH_VERTEX  195	-25.596485	2.780538	86.246323
			*MESH_VERTEX  196	-23.140249	2.143969	82.508644
			*MESH_VERTEX  197	-24.166462	3.020690	83.047226
			*MESH_VERTEX  198	24.654947	1.461428	82.794144
			*MESH_VERTEX  199	-31.816223	7.763603	81.664162
			*MESH_VERTEX  200	-31.516605	3.133969	82.975693
			*MESH_VERTEX  201	-30.843794	6.053978	91.169838
			*MESH_VERTEX  202	25.504412	4.313265	78.220070
			*MESH_VERTEX  203	-24.740984	4.436530	78.307785
			*MESH_VERTEX  204	29.178196	4.096636	85.166023
			*MESH_VERTEX  205	-28.345400	4.158214	85.275276
			*MESH_VERTEX  206	-29.132830	2.755146	79.282425
			*MESH_VERTEX  207	29.954363	2.703499	79.165085
			*MESH_VERTEX  208	-28.146217	11.015560	87.291710
			*MESH_VERTEX  209	25.660095	4.839310	79.549194
			*MESH_VERTEX  210	-24.905319	4.951512	79.626122
			*MESH_VERTEX  211	-28.040819	3.373733	81.231628
			*MESH_VERTEX  212	28.860130	3.307672	81.131950
			*MESH_VERTEX  213	29.675425	10.848759	87.117142
			*MESH_VERTEX  214	-31.539568	9.220665	87.974396
			*MESH_VERTEX  215	32.327549	9.420825	87.767120
			*MESH_VERTEX  216	-26.883577	10.830171	121.595436
			*MESH_VERTEX  217	-29.320644	13.043393	120.721222
			*MESH_VERTEX  218	-23.485884	10.893613	121.091682
			*MESH_VERTEX  219	-21.529140	13.401825	120.758011
			*MESH_VERTEX  220	-28.673449	9.548470	113.694489
			*MESH_VERTEX  221	-24.953642	9.501281	112.447067
			*MESH_VERTEX  222	-30.945898	11.674642	113.449585
			*MESH_VERTEX  223	-22.947155	12.548843	113.176277
			*MESH_VERTEX  224	-25.629684	18.255495	112.105453
			*MESH_VERTEX  225	-23.064383	15.755984	112.463570
			*MESH_VERTEX  226	-31.440945	15.193257	112.663002
			*MESH_VERTEX  227	-31.366457	10.143403	90.114281
			*MESH_VERTEX  228	-29.169353	18.570675	112.315186
			*MESH_VERTEX  229	-26.282534	8.306969	90.285324
			*MESH_VERTEX  230	-26.251255	9.323203	93.654037
			*MESH_VERTEX  231	-32.329060	18.923391	122.420013
			*MESH_VERTEX  232	-21.419960	7.693552	124.105743
			*MESH_VERTEX  233	-28.839670	11.337258	89.641800
