*3DSMAX_ASCIIEXPORT	110
*COMMENT "Kerrax ASC Exporter Version  1.10 - Sat Mar 10 11:16:52 2007"
*SCENE {
	*SCENE_FILENAME "KDFL_FEM_SEKTI.max"
	*SCENE_FIRSTFRAME 0
	*SCENE_LASTFRAME 100
	*SCENE_FRAMESPEED 30
	*SCENE_TICKSPERFRAME 160
	*SCENE_BACKGROUND_STATIC 0.254902	0.254902	0.254902
	*SCENE_AMBIENT_STATIC 0.200000	0.200000	0.200000
}
*MATERIAL_LIST {
	*MATERIAL_COUNT 2
	*MATERIAL 0 {
		*MATERIAL_NAME "BABE_V2_C1"
		*MATERIAL_CLASS "Standard"
		*MATERIAL_AMBIENT 0.509804	0.407843	0.305882
		*MATERIAL_DIFFUSE 0.509804	0.407843	0.305882
		*MATERIAL_SPECULAR 0.900000	0.900000	0.900000
		*MATERIAL_SHINE 0.100000
		*MATERIAL_SHINESTRENGTH 0.000000
		*MATERIAL_TRANSPARENCY 0.000000
		*MATERIAL_WIRESIZE 1.000000
		*MATERIAL_SHADING Blinn
		*MATERIAL_XP_FALLOFF 0.000000
		*MATERIAL_SELFILLUM 0.000000
		*MATERIAL_FALLOFF In
		*MATERIAL_XP_TYPE Filter
		*MAP_DIFFUSE {
			*MAP_NAME "Map #1"
			*MAP_CLASS "Bitmap"
			*MAP_SUBNO 1
			*MAP_AMOUNT 1.000000
			*BITMAP "HUM_BODY_NAKED_V0_C0.TGA"
			*MAP_TYPE Screen
			*UVW_U_OFFSET 0.000000
			*UVW_V_OFFSET 0.000000
			*UVW_U_TILING 1.000000
			*UVW_V_TILING 1.000000
			*UVW_ANGLE 0.000000
			*UVW_BLUR 1.000000
			*UVW_BLUR_OFFSET 0.000000
			*UVW_NOUSE_AMT 1.000000
			*UVW_NOISE_SIZE 1.000000
			*UVW_NOISE_LEVEL 1
			*UVW_NOISE_PHASE 0.000000
			*BITMAP_FILTER Pyramidal
		}
	}
	*MATERIAL 1 {
		*MATERIAL_NAME "KDFL_VELAYA"
		*MATERIAL_CLASS "Standard"
		*MATERIAL_AMBIENT 0.100000	0.100000	0.100000
		*MATERIAL_DIFFUSE 0.701961	0.501961	0.996078
		*MATERIAL_SPECULAR 0.900000	0.900000	0.900000
		*MATERIAL_SHINE 0.450000
		*MATERIAL_SHINESTRENGTH 0.000000
		*MATERIAL_TRANSPARENCY 0.000000
		*MATERIAL_WIRESIZE 1.000000
		*MATERIAL_SHADING Blinn
		*MATERIAL_XP_FALLOFF 0.000000
		*MATERIAL_SELFILLUM 0.000000
		*MATERIAL_FALLOFF In
		*MATERIAL_XP_TYPE Filter
		*MAP_DIFFUSE {
			*MAP_NAME "Map #2"
			*MAP_CLASS "Bitmap"
			*MAP_SUBNO 1
			*MAP_AMOUNT 1.000000
			*BITMAP "Velaya_Robe_bearbeitet.tga"
			*MAP_TYPE Screen
			*UVW_U_OFFSET 0.000000
			*UVW_V_OFFSET 0.000000
			*UVW_U_TILING 1.000000
			*UVW_V_TILING 1.000000
			*UVW_ANGLE 0.000000
			*UVW_BLUR 1.000000
			*UVW_BLUR_OFFSET 0.000000
			*UVW_NOUSE_AMT 1.000000
			*UVW_NOISE_SIZE 1.000000
			*UVW_NOISE_LEVEL 1
			*UVW_NOISE_PHASE 0.000000
			*BITMAP_FILTER Pyramidal
		}
	}
}
*GEOMOBJECT {
	*NODE_NAME "Bip01"
	*NODE_TM {
		*NODE_NAME "Bip01"
		*TM_ROW0 0.000006	-1.000000	0.000000
		*TM_ROW1 1.000000	0.000006	0.000000
		*TM_ROW2 0.000000	0.000000	1.000000
		*TM_ROW3 0.089227	9.602000	98.726898
		*TM_POS 0.089227	9.602000	98.726898
		*TM_ROTAXIS 0.000000	0.000000	1.000000
		*TM_ROTANGLE 1.570790
		*TM_SCALE 1.000000	1.000000	1.000000
		*TM_SCALEAXIS 0.000000	0.000000	0.000000
		*TM_SCALEAXISANG 0.000000
	}
	*WIREFRAME_COLOR 0.894118	0.839216	0.600000
}
*GEOMOBJECT {
	*NODE_NAME "Bip01 Pelvis"
	*NODE_PARENT "Bip01"
	*NODE_TM {
		*NODE_NAME "Bip01 Pelvis"
		*TM_ROW0 -0.000000	0.000005	1.000000
		*TM_ROW1 0.000006	-1.000000	0.000005
		*TM_ROW2 1.000000	0.000006	-0.000000
		*TM_ROW3 0.089237	8.968150	98.726898
		*TM_POS 0.089237	8.968150	98.726898
		*TM_ROTAXIS -0.707107	-0.000004	-0.707107
		*TM_ROTANGLE 3.141593
		*TM_SCALE 1.000000	1.000000	1.000000
		*TM_SCALEAXIS 0.000000	0.000000	0.000000
		*TM_SCALEAXISANG 0.000000
	}
	*WIREFRAME_COLOR 0.894118	0.839216	0.600000
}
*GEOMOBJECT {
	*NODE_NAME "Bip01 Spine"
	*NODE_PARENT "Bip01 Pelvis"
	*NODE_TM {
		*NODE_NAME "Bip01 Spine"
		*TM_ROW0 0.000000	-0.020591	0.999788
		*TM_ROW1 0.000002	-0.999788	-0.020591
		*TM_ROW2 1.000000	0.000002	-0.000000
		*TM_ROW3 0.089237	9.057290	101.126999
		*TM_POS 0.089237	9.057290	101.126999
		*TM_ROTAXIS -0.707088	0.007280	-0.707088
		*TM_ROTANGLE 3.156155
		*TM_SCALE 1.000000	1.000000	1.000000
		*TM_SCALEAXIS 0.000000	0.000000	0.000000
		*TM_SCALEAXISANG 0.000000
	}
	*WIREFRAME_COLOR 0.894118	0.839216	0.600000
}
*GEOMOBJECT {
	*NODE_NAME "Bip01 Spine1"
	*NODE_PARENT "Bip01 Spine"
	*NODE_TM {
		*NODE_NAME "Bip01 Spine1"
		*TM_ROW0 0.000001	-0.002770	0.999996
		*TM_ROW1 -0.000002	-0.999996	-0.002770
		*TM_ROW2 1.000000	-0.000002	-0.000001
		*TM_ROW3 0.089237	8.865030	110.953003
		*TM_POS 0.089237	8.865030	110.953003
		*TM_ROTAXIS -0.707107	0.000980	-0.707106
		*TM_ROTANGLE 3.143550
		*TM_SCALE 1.000000	1.000000	1.000000
		*TM_SCALEAXIS 0.000000	0.000000	0.000000
		*TM_SCALEAXISANG 0.000000
	}
	*WIREFRAME_COLOR 0.345098	0.780392	0.882353
}
*GEOMOBJECT {
	*NODE_NAME "Bip01 Spine2"
	*NODE_PARENT "Bip01 Spine1"
	*NODE_TM {
		*NODE_NAME "Bip01 Spine2"
		*TM_ROW0 -0.000000	0.180243	0.983622
		*TM_ROW1 0.000002	-0.983622	0.180243
		*TM_ROW2 1.000000	0.000002	0.000000
		*TM_ROW3 0.089237	8.853050	123.737999
		*TM_POS 0.089237	8.853050	123.737999
		*TM_ROTAXIS -0.705652	-0.064120	-0.705652
		*TM_ROTANGLE 3.013530
		*TM_SCALE 1.000000	1.000000	1.000000
		*TM_SCALEAXIS 0.994054	-0.108892	-0.000002
		*TM_SCALEAXISANG 0.022421
	}
	*WIREFRAME_COLOR 0.345098	0.780392	0.882353
}
*GEOMOBJECT {
	*NODE_NAME "Bip01 Neck"
	*NODE_PARENT "Bip01 Spine2"
	*NODE_TM {
		*NODE_NAME "Bip01 Neck"
		*TM_ROW0 0.000002	-0.167043	0.985949
		*TM_ROW1 0.000005	-0.985950	-0.167043
		*TM_ROW2 1.000000	0.000005	-0.000001
		*TM_ROW3 0.089228	14.262899	153.231995
		*TM_POS 0.089228	14.262899	153.231995
		*TM_ROTAXIS -0.705860	0.059370	-0.705859
		*TM_ROTANGLE 3.260200
		*TM_SCALE 1.000000	1.000000	1.000000
		*TM_SCALEAXIS -0.811786	-0.152067	0.563808
		*TM_SCALEAXISANG 0.074915
	}
	*WIREFRAME_COLOR 0.345098	0.780392	0.882353
}
*GEOMOBJECT {
	*NODE_NAME "Bip01 Head"
	*NODE_PARENT "Bip01 Neck"
	*NODE_TM {
		*NODE_NAME "Bip01 Head"
		*TM_ROW0 -0.000000	0.000002	1.000000
		*TM_ROW1 -0.000002	-1.000000	0.000002
		*TM_ROW2 1.000000	-0.000002	0.000000
		*TM_ROW3 0.089229	13.120398	159.975006
		*TM_POS 0.089229	13.120398	159.975006
		*TM_ROTAXIS -0.707107	0.000000	-0.707107
		*TM_ROTANGLE 3.141590
		*TM_SCALE 1.000000	1.000000	1.000000
		*TM_SCALEAXIS -0.994610	0.103689	0.000002
		*TM_SCALEAXISANG 0.028021
	}
	*WIREFRAME_COLOR 0.345098	0.780392	0.882353
}
*HELPEROBJECT {
	*NODE_NAME "ZS_HELMET"
	*NODE_PARENT "Bip01 Head"
	*HELPER_CLASS "Dummy"
	*NODE_TM {
		*NODE_NAME "ZS_HELMET"
		*TM_ROW0 1.000000	-0.000000	-0.000000
		*TM_ROW1 0.000000	0.992512	-0.122148
		*TM_ROW2 0.000000	0.122148	0.992512
		*TM_ROW3 0.089239	9.916970	172.481003
		*TM_POS 0.089239	9.916970	172.481003
		*TM_ROTAXIS 1.000000	-0.000000	0.000002
		*TM_ROTANGLE 0.122454
		*TM_SCALE 1.000000	1.000000	1.000000
		*TM_SCALEAXIS 0.000012	-0.547484	0.836816
		*TM_SCALEAXISANG 0.009039
	}
	*BOUNDINGBOX_MIN 0.079239	9.905824	172.469849
	*BOUNDINGBOX_MAX 0.099239	9.928117	172.492157
}
*GEOMOBJECT {
	*NODE_NAME "Bip01 L Clavicle"
	*NODE_PARENT "Bip01 Neck"
	*NODE_TM {
		*NODE_NAME "Bip01 L Clavicle"
		*TM_ROW0 0.935229	-0.203893	-0.289439
		*TM_ROW1 0.156435	0.971369	-0.178803
		*TM_ROW2 0.317608	0.121943	0.940348
		*TM_ROW3 8.053223	15.721397	147.505997
		*TM_POS 8.053223	15.721397	147.505997
		*TM_ROTAXIS 0.391940	-0.791119	0.469589
		*TM_ROTANGLE 0.393760
		*TM_SCALE 1.000000	1.000000	1.000000
		*TM_SCALEAXIS 0.866613	0.486840	-0.109407
		*TM_SCALEAXISANG 0.086987
	}
	*WIREFRAME_COLOR 0.345098	0.780392	0.882353
}
*GEOMOBJECT {
	*NODE_NAME "Bip01 L UpperArm"
	*NODE_PARENT "Bip01 L Clavicle"
	*NODE_TM {
		*NODE_NAME "Bip01 L UpperArm"
		*TM_ROW0 0.487380	0.098903	-0.867571
		*TM_ROW1 0.347827	0.889345	0.296786
		*TM_ROW2 0.800923	-0.446412	0.399048
		*TM_ROW3 20.516066	13.004400	143.649002
		*TM_POS 20.516066	13.004400	143.649002
		*TM_ROTAXIS -0.403164	-0.905110	0.135034
		*TM_ROTANGLE 1.172459
		*TM_SCALE 1.000000	1.000000	1.000000
		*TM_SCALEAXIS 0.921150	0.007737	0.389131
		*TM_SCALEAXISANG 0.600994
	}
	*WIREFRAME_COLOR 0.345098	0.780392	0.882353
}
*GEOMOBJECT {
	*NODE_NAME "Bip01 L Forearm"
	*NODE_PARENT "Bip01 L UpperArm"
	*NODE_TM {
		*NODE_NAME "Bip01 L Forearm"
		*TM_ROW0 0.291229	-0.291882	-0.911038
		*TM_ROW1 0.523173	0.845886	-0.103767
		*TM_ROW2 0.800922	-0.446411	0.399051
		*TM_ROW3 34.117107	15.764201	119.438248
		*TM_POS 34.117107	15.764201	119.438248
		*TM_ROTAXIS -0.177831	-0.888503	0.423012
		*TM_ROTANGLE 1.299394
		*TM_SCALE 1.000000	1.000000	1.000000
		*TM_SCALEAXIS 0.993438	-0.114371	-0.000000
		*TM_SCALEAXISANG 0.553921
	}
	*WIREFRAME_COLOR 0.345098	0.780392	0.882353
}
*GEOMOBJECT {
	*NODE_NAME "Bip01 L Hand"
	*NODE_PARENT "Bip01 L Forearm"
	*NODE_TM {
		*NODE_NAME "Bip01 L Hand"
		*TM_ROW0 0.291230	-0.291885	-0.911037
		*TM_ROW1 -0.800506	0.447080	-0.399136
		*TM_ROW2 0.523809	0.845531	-0.103453
		*TM_ROW3 42.218010	7.645071	94.096710
		*TM_POS 42.218010	7.645071	94.096710
		*TM_ROTAXIS 0.632972	-0.729687	-0.258658
		*TM_ROTANGLE 1.754397
		*TM_SCALE 1.000000	1.000000	1.000000
		*TM_SCALEAXIS 0.718811	-0.220991	-0.659147
		*TM_SCALEAXISANG 0.296830
	}
	*WIREFRAME_COLOR 0.345098	0.780392	0.882353
}
*GEOMOBJECT {
	*NODE_NAME "Bip01 L Finger0"
	*NODE_PARENT "Bip01 L Hand"
	*NODE_TM {
		*NODE_NAME "Bip01 L Finger0"
		*TM_ROW0 0.291232	-0.291889	-0.911035
		*TM_ROW1 -0.800922	0.446404	-0.399057
		*TM_ROW2 0.523171	0.845886	-0.103773
		*TM_ROW3 45.966038	3.888578	82.371857
		*TM_POS 45.966038	3.888578	82.371857
		*TM_ROTAXIS 0.633172	-0.729430	-0.258892
		*TM_ROTANGLE 1.754903
		*TM_SCALE 1.000000	1.000000	1.000000
		*TM_SCALEAXIS 0.917085	-0.000000	0.398691
		*TM_SCALEAXISANG 0.210859
	}
	*WIREFRAME_COLOR 0.345098	0.780392	0.882353
}
*HELPEROBJECT {
	*NODE_NAME "Dummy"
	*NODE_PARENT "Bip01 L Finger0"
	*HELPER_CLASS "Dummy"
	*NODE_TM {
		*NODE_NAME "Dummy"
		*TM_ROW0 -0.965926	0.000002	-0.258819
		*TM_ROW1 -0.000002	-1.000000	-0.000000
		*TM_ROW2 -0.258819	0.000000	0.965926
		*TM_ROW3 47.840126	2.010329	76.509338
		*TM_POS 47.840126	2.010329	76.509338
		*TM_ROTAXIS 0.130526	0.000000	-0.991445
		*TM_ROTANGLE 3.141590
		*TM_SCALE 1.000000	1.000000	1.000000
		*TM_SCALEAXIS -0.813269	-0.335556	0.475391
		*TM_SCALEAXISANG 0.204612
	}
	*BOUNDINGBOX_MIN 47.827877	2.000329	76.497093
	*BOUNDINGBOX_MAX 47.852375	2.020329	76.521584
}
*HELPEROBJECT {
	*NODE_NAME "ZS_LEFTHAND"
	*NODE_PARENT "Bip01 L Hand"
	*HELPER_CLASS "Dummy"
	*NODE_TM {
		*NODE_NAME "ZS_LEFTHAND"
		*TM_ROW0 0.455522	0.890062	-0.016987
		*TM_ROW1 0.421535	-0.232465	-0.876509
		*TM_ROW2 -0.784096	0.392109	-0.481086
		*TM_ROW3 42.702888	5.432698	85.317772
		*TM_POS 42.702888	5.432698	85.317772
		*TM_ROTAXIS -0.815943	-0.493385	0.301345
		*TM_ROTANGLE 4.032105
		*TM_SCALE 1.000000	1.000000	1.000000
		*TM_SCALEAXIS -0.943225	0.301684	-0.138970
		*TM_SCALEAXISANG 0.491659
	}
	*BOUNDINGBOX_MIN 42.686275	5.417552	85.304024
	*BOUNDINGBOX_MAX 42.719501	5.447845	85.331520
}
*HELPEROBJECT {
	*NODE_NAME "ZS_LEFTARM"
	*NODE_PARENT "Bip01 L Forearm"
	*HELPER_CLASS "Dummy"
	*NODE_TM {
		*NODE_NAME "ZS_LEFTARM"
		*TM_ROW0 0.328529	-0.150177	-0.932478
		*TM_ROW1 0.529551	0.846792	0.050194
		*TM_ROW2 0.782077	-0.510285	0.357722
		*TM_ROW3 35.789749	9.301121	111.696358
		*TM_POS 35.789749	9.301121	111.696358
		*TM_ROTAXIS -0.290757	-0.889450	0.352619
		*TM_ROTANGLE 1.301014
		*TM_SCALE 1.000000	1.000000	1.000000
		*TM_SCALEAXIS -0.963668	-0.266924	-0.009753
		*TM_SCALEAXISANG 0.487053
	}
	*BOUNDINGBOX_MIN 35.773346	9.286048	111.682953
	*BOUNDINGBOX_MAX 35.806152	9.316194	111.709763
}
*GEOMOBJECT {
	*NODE_NAME "Bip01 R Clavicle"
	*NODE_PARENT "Bip01 Neck"
	*NODE_TM {
		*NODE_NAME "Bip01 R Clavicle"
		*TM_ROW0 -0.935226	-0.203899	-0.289444
		*TM_ROW1 -0.156442	0.971369	-0.178799
		*TM_ROW2 0.317614	-0.121937	-0.940348
		*TM_ROW3 -7.874757	15.721397	147.505997
		*TM_POS -7.874757	15.721397	147.505997
		*TM_ROTAXIS 0.092980	-0.992639	0.077600
		*TM_ROTANGLE 2.830836
		*TM_SCALE 1.000000	1.000000	1.000000
		*TM_SCALEAXIS 0.649031	-0.000000	-0.760762
		*TM_SCALEAXISANG 0.226490
	}
	*WIREFRAME_COLOR 0.345098	0.780392	0.882353
}
*GEOMOBJECT {
	*NODE_NAME "Bip01 R UpperArm"
	*NODE_PARENT "Bip01 R Clavicle"
	*NODE_TM {
		*NODE_NAME "Bip01 R UpperArm"
		*TM_ROW0 -0.561143	0.098894	-0.821790
		*TM_ROW1 -0.320642	0.889345	0.325967
		*TM_ROW2 0.763091	0.446414	-0.467340
		*TM_ROW3 -20.337635	13.004299	143.649002
		*TM_POS -20.337635	13.004299	143.649002
		*TM_ROTAXIS 0.073270	-0.964106	-0.255210
		*TM_ROTANGLE 2.176777
		*TM_SCALE 1.000000	1.000000	1.000000
		*TM_SCALEAXIS -0.971049	-0.238879	0.000000
		*TM_SCALEAXISANG 0.185803
	}
	*WIREFRAME_COLOR 0.345098	0.780392	0.882353
}
*GEOMOBJECT {
	*NODE_NAME "Bip01 R Forearm"
	*NODE_PARENT "Bip01 R UpperArm"
	*NODE_TM {
		*NODE_NAME "Bip01 R Forearm"
		*TM_ROW0 -0.369520	-0.291889	-0.882188
		*TM_ROW1 -0.530227	0.845885	-0.057782
		*TM_ROW2 0.763095	0.446408	-0.467339
		*TM_ROW3 -35.996948	15.764099	120.715752
		*TM_POS -35.996948	15.764099	120.715752
		*TM_ROTAXIS 0.290227	-0.947073	-0.137194
		*TM_ROTANGLE 2.089192
		*TM_SCALE 1.000000	1.000000	1.000000
		*TM_SCALEAXIS -0.999942	-0.010726	-0.000000
		*TM_SCALEAXISANG 0.229193
	}
	*WIREFRAME_COLOR 0.345098	0.780392	0.882353
}
*GEOMOBJECT {
	*NODE_NAME "Bip01 R Hand"
	*NODE_PARENT "Bip01 R Forearm"
	*NODE_TM {
		*NODE_NAME "Bip01 R Hand"
		*TM_ROW0 -0.369523	-0.291885	-0.882188
		*TM_ROW1 0.762668	0.447088	-0.467385
		*TM_ROW2 0.530838	-0.845527	0.057402
		*TM_ROW3 -46.275650	7.645009	96.176804
		*TM_POS -46.275650	7.645009	96.176804
		*TM_ROTAXIS -0.209700	-0.783599	0.584806
		*TM_ROTANGLE 2.018079
		*TM_SCALE 1.000000	1.000000	1.000000
		*TM_SCALEAXIS -0.823978	0.457940	0.333694
		*TM_SCALEAXISANG 0.257837
	}
	*WIREFRAME_COLOR 0.345098	0.780392	0.882353
}
*GEOMOBJECT {
	*NODE_NAME "Bip01 R Finger0"
	*NODE_PARENT "Bip01 R Hand"
	*NODE_TM {
		*NODE_NAME "Bip01 R Finger0"
		*TM_ROW0 -0.369519	-0.291877	-0.882193
		*TM_ROW1 0.763097	0.446413	-0.467331
		*TM_ROW2 0.530225	-0.845886	0.057773
		*TM_ROW3 -51.031345	3.888506	84.823135
		*TM_POS -51.031345	3.888506	84.823135
		*TM_ROTAXIS -0.209946	-0.783324	0.585086
		*TM_ROTANGLE 2.018245
		*TM_SCALE 1.000000	1.000000	1.000000
		*TM_SCALEAXIS -0.722464	-0.618759	-0.308517
		*TM_SCALEAXISANG 0.849789
	}
	*WIREFRAME_COLOR 0.345098	0.780392	0.882353
}
*HELPEROBJECT {
	*NODE_NAME "Dummy1"
	*NODE_PARENT "Bip01 R Finger0"
	*HELPER_CLASS "Dummy"
	*NODE_TM {
		*NODE_NAME "Dummy1"
		*TM_ROW0 -0.939692	0.000002	0.342020
		*TM_ROW1 -0.000002	-1.000000	0.000001
		*TM_ROW2 0.342020	-0.000000	0.939693
		*TM_ROW3 -53.409218	2.010258	79.146362
		*TM_POS -53.409218	2.010258	79.146362
		*TM_ROTAXIS -0.173648	-0.000000	-0.984808
		*TM_ROTANGLE 3.141590
		*TM_SCALE 1.000000	1.000000	1.000000
		*TM_SCALEAXIS -0.000000	-0.653245	-0.757147
		*TM_SCALEAXISANG 0.307661
	}
	*BOUNDINGBOX_MIN -53.422035	2.000258	79.133545
	*BOUNDINGBOX_MAX -53.396400	2.020258	79.159180
}
*HELPEROBJECT {
	*NODE_NAME "ZS_RIGHTHAND"
	*NODE_PARENT "Bip01 R Hand"
	*HELPER_CLASS "Dummy"
	*NODE_TM {
		*NODE_NAME "ZS_RIGHTHAND"
		*TM_ROW0 -0.513527	0.856419	-0.053265
		*TM_ROW1 0.482995	0.339805	0.806999
		*TM_ROW2 0.709229	0.388689	-0.588145
		*TM_ROW3 -40.990612	-3.005785	88.402458
		*TM_POS -40.990612	-3.005785	88.402458
		*TM_ROTAXIS -0.441964	-0.805610	-0.394539
		*TM_ROTANGLE 2.648628
		*TM_SCALE 1.000000	1.000000	1.000000
		*TM_SCALEAXIS -0.867392	0.301299	0.396044
		*TM_SCALEAXISANG 0.801770
	}
	*BOUNDINGBOX_MIN -41.007671	-3.021634	88.387978
	*BOUNDINGBOX_MAX -40.973553	-2.989936	88.416939
}
*HELPEROBJECT {
	*NODE_NAME "ZS_CROSSBOW"
	*NODE_PARENT "Bip01 Spine2"
	*HELPER_CLASS "Dummy"
	*NODE_TM {
		*NODE_NAME "ZS_CROSSBOW"
		*TM_ROW0 -0.382690	-0.111467	0.917128
		*TM_ROW1 -0.923877	0.046170	-0.379894
		*TM_ROW2 0.000002	-0.992695	-0.120650
		*TM_ROW3 -14.344836	27.570997	164.757004
		*TM_POS -14.344836	27.570997	164.757004
		*TM_ROTAXIS 0.447329	-0.669479	0.593039
		*TM_ROTANGLE 3.896135
		*TM_SCALE 1.000000	1.000000	1.000000
		*TM_SCALEAXIS 0.000000	0.000000	0.000000
		*TM_SCALEAXISANG 0.000000
	}
	*BOUNDINGBOX_MIN -14.357902	27.559494	164.742828
	*BOUNDINGBOX_MAX -14.331771	27.582500	164.771179
}
*HELPEROBJECT {
	*NODE_NAME "ZS_LONGSWORD"
	*NODE_PARENT "Bip01 Spine2"
	*HELPER_CLASS "Dummy"
	*NODE_TM {
		*NODE_NAME "ZS_LONGSWORD"
		*TM_ROW0 -0.499832	-0.091504	0.861276
		*TM_ROW1 -0.865727	0.082817	-0.493617
		*TM_ROW2 -0.026161	-0.992355	-0.120612
		*TM_ROW3 -18.070036	23.905699	156.417007
		*TM_POS -18.070036	23.905699	156.417007
		*TM_ROTAXIS 0.389960	-0.693880	0.605360
		*TM_ROTANGLE 3.835406
		*TM_SCALE 1.000000	1.000000	1.000000
		*TM_SCALEAXIS 0.915575	-0.000000	-0.402146
		*TM_SCALEAXISANG 0.303885
	}
	*BOUNDINGBOX_MIN -18.083954	23.894032	156.402252
	*BOUNDINGBOX_MAX -18.056118	23.917366	156.431763
}
*HELPEROBJECT {
	*NODE_NAME "ZS_SHIELD"
	*NODE_PARENT "Bip01 Spine2"
	*HELPER_CLASS "Dummy"
	*NODE_TM {
		*NODE_NAME "ZS_SHIELD"
		*TM_ROW0 -0.013868	0.114196	-0.993362
		*TM_ROW1 -0.908393	0.413755	0.060247
		*TM_ROW2 0.417888	0.903198	0.097997
		*TM_ROW3 8.854332	26.507700	130.653000
		*TM_POS 8.854332	26.507700	130.653000
		*TM_ROTAXIS 0.435421	-0.728972	-0.528212
		*TM_ROTANGLE 1.824570
		*TM_SCALE 1.000000	1.000000	1.000000
		*TM_SCALEAXIS 0.833633	0.331124	0.442055
		*TM_SCALEAXISANG 0.101069
	}
	*BOUNDINGBOX_MIN 8.840931	26.493389	130.641479
	*BOUNDINGBOX_MAX 8.867733	26.522011	130.664520
}
*HELPEROBJECT {
	*NODE_NAME "ZS_BOW"
	*NODE_PARENT "Bip01 Spine2"
	*HELPER_CLASS "Dummy"
	*NODE_TM {
		*NODE_NAME "ZS_BOW"
		*TM_ROW0 -0.341817	-0.086823	0.935747
		*TM_ROW1 0.011944	0.995241	0.096706
		*TM_ROW2 -0.939691	0.044232	-0.339153
		*TM_ROW3 0.590422	29.393801	123.327003
		*TM_POS 0.590422	29.393801	123.327003
		*TM_ROTAXIS -0.027930	0.998227	0.052570
		*TM_ROTANGLE 1.920761
		*TM_SCALE 1.000000	1.000000	1.000000
		*TM_SCALEAXIS 0.324295	0.000000	0.945956
		*TM_SCALEAXISANG 0.204518
	}
	*BOUNDINGBOX_MIN 0.577487	29.382538	123.313286
	*BOUNDINGBOX_MAX 0.603356	29.405064	123.340721
}
*HELPEROBJECT {
	*NODE_NAME "ZS_SWORD"
	*NODE_PARENT "Bip01 Spine"
	*HELPER_CLASS "Dummy"
	*NODE_TM {
		*NODE_NAME "ZS_SWORD"
		*TM_ROW0 -0.000000	-0.347172	0.937802
		*TM_ROW1 -0.000000	0.937801	0.347172
		*TM_ROW2 -1.000000	0.000000	-0.000000
		*TM_ROW3 17.590662	12.617300	105.143997
		*TM_POS 17.590662	12.617300	105.143997
		*TM_ROTAXIS -0.173670	0.969370	0.173670
		*TM_ROTANGLE 1.601901
		*TM_SCALE 1.000000	1.000000	1.000000
		*TM_SCALEAXIS -0.015606	0.061963	-0.997956
		*TM_SCALEAXISANG 0.094495
	}
	*BOUNDINGBOX_MIN 17.580662	12.604450	105.131149
	*BOUNDINGBOX_MAX 17.600662	12.630150	105.156845
}
*GEOMOBJECT {
	*NODE_NAME "Bip01 L Thigh"
	*NODE_PARENT "Bip01 Pelvis"
	*NODE_TM {
		*NODE_NAME "Bip01 L Thigh"
		*TM_ROW0 0.053488	-0.036792	-0.997891
		*TM_ROW1 -0.002159	-0.999323	0.036729
		*TM_ROW2 -0.998566	0.000190	-0.053531
		*TM_ROW3 9.099462	8.968160	98.726898
		*TM_POS 9.099462	8.968160	98.726898
		*TM_ROTAXIS -0.725720	0.013420	0.687860
		*TM_ROTANGLE 3.116416
		*TM_SCALE 1.000000	1.000000	1.000000
		*TM_SCALEAXIS 0.805968	0.591959	0.000007
		*TM_SCALEAXISANG 0.002273
	}
	*WIREFRAME_COLOR 0.345098	0.780392	0.882353
}
*GEOMOBJECT {
	*NODE_NAME "Bip01 L Calf"
	*NODE_PARENT "Bip01 L Thigh"
	*NODE_TM {
		*NODE_NAME "Bip01 L Calf"
		*TM_ROW0 0.052513	0.197549	-0.978886
		*TM_ROW1 0.010393	-0.980293	-0.197275
		*TM_ROW2 -0.998566	0.000185	-0.053531
		*TM_ROW3 11.204162	7.521000	59.464996
		*TM_POS 11.204162	7.521000	59.464996
		*TM_ROTAXIS -0.723901	-0.072150	0.686121
		*TM_ROTANGLE 3.278406
		*TM_SCALE 1.000000	1.000000	1.000000
		*TM_SCALEAXIS 0.108063	-0.994144	0.000000
		*TM_SCALEAXISANG 0.170865
	}
	*WIREFRAME_COLOR 0.345098	0.780392	0.882353
}
*GEOMOBJECT {
	*NODE_NAME "Bip01 L Foot"
	*NODE_PARENT "Bip01 L Calf"
	*NODE_TM {
		*NODE_NAME "Bip01 L Foot"
		*TM_ROW0 -0.000000	0.000004	-1.000000
		*TM_ROW1 0.173656	-0.984807	-0.000004
		*TM_ROW2 -0.984806	-0.173656	-0.000001
		*TM_ROW3 13.782661	17.220098	11.404003
		*TM_POS 13.782661	17.220098	11.404003
		*TM_ROTAXIS -0.705757	-0.061750	0.705757
		*TM_ROTANGLE 3.018255
		*TM_SCALE 1.000000	1.000000	1.000000
		*TM_SCALEAXIS -0.257258	0.966343	0.000000
		*TM_SCALEAXISANG 0.534282
	}
	*WIREFRAME_COLOR 0.345098	0.780392	0.882353
}
*GEOMOBJECT {
	*NODE_NAME "Bip01 L Toe0"
	*NODE_PARENT "Bip01 L Foot"
	*NODE_TM {
		*NODE_NAME "Bip01 L Toe0"
		*TM_ROW0 0.173646	-0.984808	0.000005
		*TM_ROW1 0.000005	0.000006	1.000000
		*TM_ROW2 -0.984808	-0.173646	0.000006
		*TM_ROW3 17.714762	-5.079689	-1.222689
		*TM_POS 17.714762	-5.079689	-1.222689
		*TM_ROTAXIS -0.644398	0.540718	0.540718
		*TM_ROTANGLE 1.996730
		*TM_SCALE 1.000000	1.000000	1.000000
		*TM_SCALEAXIS 0.072970	0.361659	0.929451
		*TM_SCALEAXISANG 0.387171
	}
	*WIREFRAME_COLOR 0.101961	0.694118	0.101961
}
*HELPEROBJECT {
	*NODE_NAME "Dummy2"
	*NODE_PARENT "Bip01 L Toe0"
	*HELPER_CLASS "Dummy"
	*NODE_TM {
		*NODE_NAME "Dummy2"
		*TM_ROW0 -1.000000	0.000003	0.000000
		*TM_ROW1 -0.000003	-1.000000	0.000001
		*TM_ROW2 0.000000	0.000001	1.000000
		*TM_ROW3 19.680861	-16.229603	-7.536049
		*TM_POS 19.680861	-16.229603	-7.536049
		*TM_ROTAXIS -0.000000	-0.000000	-1.000000
		*TM_ROTANGLE 3.141590
		*TM_SCALE 1.000000	1.000000	1.000000
		*TM_SCALEAXIS 0.990805	-0.135297	-0.000000
		*TM_SCALEAXISANG 0.156744
	}
	*BOUNDINGBOX_MIN 19.670860	-16.239603	-7.546050
	*BOUNDINGBOX_MAX 19.690861	-16.219603	-7.526049
}
*GEOMOBJECT {
	*NODE_NAME "Bip01 R Thigh"
	*NODE_PARENT "Bip01 Pelvis"
	*NODE_TM {
		*NODE_NAME "Bip01 R Thigh"
		*TM_ROW0 -0.053503	-0.036775	-0.997890
		*TM_ROW1 0.002058	-0.999323	0.036717
		*TM_ROW2 -0.998566	-0.000089	0.053543
		*TM_ROW3 -8.920988	8.968130	98.726898
		*TM_POS -8.920988	8.968130	98.726898
		*TM_ROTAXIS 0.687862	-0.012620	-0.725732
		*TM_ROTANGLE 3.168350
		*TM_SCALE 1.000000	1.000000	1.000000
		*TM_SCALEAXIS 0.439624	0.000001	0.898182
		*TM_SCALEAXISANG 0.023845
	}
	*WIREFRAME_COLOR 0.101961	0.694118	0.101961
}
*GEOMOBJECT {
	*NODE_NAME "Bip01 R Calf"
	*NODE_PARENT "Bip01 R Thigh"
	*NODE_TM {
		*NODE_NAME "Bip01 R Calf"
		*TM_ROW0 -0.052503	0.197539	-0.978888
		*TM_ROW1 -0.010497	-0.980295	-0.197260
		*TM_ROW2 -0.998566	-0.000082	0.053542
		*TM_ROW3 -11.026238	7.520890	59.465099
		*TM_POS -11.026238	7.520890	59.465099
		*TM_ROTAXIS 0.686298	0.068490	-0.724088
		*TM_ROTANGLE 2.997440
		*TM_SCALE 1.000000	1.000000	1.000000
		*TM_SCALEAXIS 0.000001	0.219363	-0.975643
		*TM_SCALEAXISANG 0.062426
	}
	*WIREFRAME_COLOR 0.101961	0.694118	0.101961
}
*GEOMOBJECT {
	*NODE_NAME "Bip01 R Foot"
	*NODE_PARENT "Bip01 R Calf"
	*NODE_TM {
		*NODE_NAME "Bip01 R Foot"
		*TM_ROW0 -0.000001	-0.000007	-1.000000
		*TM_ROW1 -0.173652	-0.984807	0.000007
		*TM_ROW2 -0.984807	0.173652	-0.000001
		*TM_ROW3 -13.604239	17.220098	11.404102
		*TM_POS -13.604239	17.220098	11.404102
		*TM_ROTAXIS -0.705757	0.061750	0.705757
		*TM_ROTANGLE 3.264925
		*TM_SCALE 1.000000	1.000000	1.000000
		*TM_SCALEAXIS -0.000000	-0.965555	0.260198
		*TM_SCALEAXISANG 0.386914
	}
	*WIREFRAME_COLOR 0.101961	0.694118	0.101961
}
*GEOMOBJECT {
	*NODE_NAME "Bip01 R Toe0"
	*NODE_PARENT "Bip01 R Foot"
	*NODE_TM {
		*NODE_NAME "Bip01 R Toe0"
		*TM_ROW0 -0.173653	-0.984807	0.000001
		*TM_ROW1 0.000001	0.000000	1.000000
		*TM_ROW2 -0.984807	0.173653	0.000001
		*TM_ROW3 -17.536240	-5.079730	-1.222642
		*TM_POS -17.536240	-5.079730	-1.222642
		*TM_ROTAXIS 0.510271	-0.608121	-0.608121
		*TM_ROTANGLE 4.085256
		*TM_SCALE 1.000000	1.000000	1.000000
		*TM_SCALEAXIS 0.000000	-0.748596	0.663026
		*TM_SCALEAXISANG 0.370828
	}
	*WIREFRAME_COLOR 0.101961	0.694118	0.101961
}
*HELPEROBJECT {
	*NODE_NAME "Dummy3"
	*NODE_PARENT "Bip01 R Toe0"
	*HELPER_CLASS "Dummy"
	*NODE_TM {
		*NODE_NAME "Dummy3"
		*TM_ROW0 -1.000000	0.000003	0.000000
		*TM_ROW1 -0.000003	-1.000000	0.000000
		*TM_ROW2 0.000000	0.000000	1.000000
		*TM_ROW3 -19.502338	-16.229601	-7.536000
		*TM_POS -19.502338	-16.229601	-7.536000
		*TM_ROTAXIS -0.000000	-0.000000	-1.000000
		*TM_ROTANGLE 3.141590
		*TM_SCALE 1.000000	1.000000	1.000000
		*TM_SCALEAXIS 0.893699	-0.353020	-0.276911
		*TM_SCALEAXISANG 0.161632
	}
	*BOUNDINGBOX_MIN -19.512339	-16.239601	-7.546000
	*BOUNDINGBOX_MAX -19.492338	-16.219601	-7.526000
}
*GEOMOBJECT {
	*NODE_NAME "zm_Skin"
	*NODE_PARENT "Bip01"
	*NODE_TM {
		*NODE_NAME "zm_Skin"
		*TM_ROW0 -1.000000	0.000003	0.000000
		*TM_ROW1 -0.000003	-1.000000	0.000000
		*TM_ROW2 0.000000	0.000000	1.000000
		*TM_ROW3 -0.896138	-0.000000	0.000000
		*TM_POS -0.896138	-0.000000	0.000000
		*TM_ROTAXIS 0.000000	0.000000	-1.000000
		*TM_ROTANGLE 3.141590
		*TM_SCALE 1.000000	1.000000	1.000000
		*TM_SCALEAXIS 0.000000	0.000000	0.000000
		*TM_SCALEAXISANG 0.000000
	}
	*MATERIAL_REF 0
	*MESH_SOFTSKIN {
		*TIMEVALUE 0
		*MESH_NUMVERTEX 181
		*MESH_NUMFACES 312
		*MESH_VERTEX_LIST {
			*MESH_VERTEX    0	-10.743432	21.341032	0.798739
			*MESH_VERTEX    1	-48.461983	8.337046	84.189476
			*MESH_VERTEX    2	-39.227833	18.756287	117.617805
			*MESH_VERTEX    3	-4.745705	12.118023	164.276917
			*MESH_VERTEX    4	-12.483302	-2.959597	-0.521380
			*MESH_VERTEX    5	20.225245	-1.572302	-0.043083
			*MESH_VERTEX    6	15.985360	21.894070	0.728769
			*MESH_VERTEX    7	-47.116585	11.408406	95.512367
			*MESH_VERTEX    8	46.963375	7.201416	83.033760
			*MESH_VERTEX    9	4.861225	12.118015	164.276932
			*MESH_VERTEX   10	14.865570	10.583346	13.788642
			*MESH_VERTEX   11	38.803539	11.782727	117.461884
			*MESH_VERTEX   12	44.845375	0.879105	84.527740
			*MESH_VERTEX   13	-49.612446	0.950049	86.942436
			*MESH_VERTEX   14	-40.479519	11.873474	119.368729
			*MESH_VERTEX   15	-42.872025	4.985146	91.389046
			*MESH_VERTEX   16	-45.874878	4.036623	97.492554
			*MESH_VERTEX   17	-44.922440	1.458848	88.022377
			*MESH_VERTEX   18	45.133736	9.431113	88.046944
			*MESH_VERTEX   19	38.483093	4.850662	89.561409
			*MESH_VERTEX   20	39.051548	2.175741	85.166565
			*MESH_VERTEX   21	42.229919	2.492713	90.175133
			*MESH_VERTEX   22	-19.544674	12.679789	0.126150
			*MESH_VERTEX   23	-13.036428	10.545756	13.565507
			*MESH_VERTEX   24	-47.040993	2.804082	84.693321
			*MESH_VERTEX   25	0.106044	17.779253	165.947968
			*MESH_VERTEX   26	11.470310	8.089182	3.205110
			*MESH_VERTEX   27	0.103398	7.666875	150.707977
			*MESH_VERTEX   28	5.097489	15.546899	156.780960
			*MESH_VERTEX   29	0.106004	7.949205	162.840240
			*MESH_VERTEX   30	-49.717239	9.475601	90.546257
			*MESH_VERTEX   31	-51.965553	7.243925	85.709641
			*MESH_VERTEX   32	-46.512897	2.575818	92.331421
			*MESH_VERTEX   33	42.042534	2.671207	82.515984
			*MESH_VERTEX   34	-33.158409	12.678019	116.442070
			*MESH_VERTEX   35	-19.908451	-0.937874	-0.480724
			*MESH_VERTEX   36	12.698709	-2.955464	0.152511
			*MESH_VERTEX   37	-4.947029	15.546440	156.790970
			*MESH_VERTEX   38	11.808390	13.835277	19.256304
			*MESH_VERTEX   39	0.052425	19.137974	155.676346
			*MESH_VERTEX   40	-42.736938	2.331949	93.360931
			*MESH_VERTEX   41	45.563557	7.941801	84.135094
			*MESH_VERTEX   42	-10.242514	13.584207	19.243349
			*MESH_VERTEX   43	42.930267	11.445929	93.920479
			*MESH_VERTEX   44	40.288475	8.403015	93.882828
			*MESH_VERTEX   45	41.873791	4.143451	95.600945
			*MESH_VERTEX   46	-44.579941	8.279036	95.707214
			*MESH_VERTEX   47	-17.108067	-0.729108	2.926288
			*MESH_VERTEX   48	-10.373112	2.947404	-0.674847
			*MESH_VERTEX   49	-9.675971	13.834908	13.990967
			*MESH_VERTEX   50	16.573528	-1.108255	3.425021
			*MESH_VERTEX   51	42.879829	8.297151	82.860680
			*MESH_VERTEX   52	11.080755	3.107616	-0.179835
			*MESH_VERTEX   53	18.134972	14.101240	7.852225
			*MESH_VERTEX   54	12.918006	18.667421	14.565326
			*MESH_VERTEX   55	45.252960	10.246675	95.033203
			*MESH_VERTEX   56	37.380993	18.679270	115.906296
			*MESH_VERTEX   57	38.568611	2.193314	91.558868
			*MESH_VERTEX   58	20.627529	12.017838	0.098771
			*MESH_VERTEX   59	21.338421	4.307734	2.068409
			*MESH_VERTEX   60	41.322826	7.078833	90.801857
			*MESH_VERTEX   61	-45.482647	6.936944	92.929436
			*MESH_VERTEX   62	-49.212067	10.395537	97.214462
			*MESH_VERTEX   63	-16.798489	17.900269	5.714965
			*MESH_VERTEX   64	-15.544175	20.430317	0.080011
			*MESH_VERTEX   65	4.135623	11.168262	153.195389
			*MESH_VERTEX   66	-50.488262	7.998497	86.671906
			*MESH_VERTEX   67	43.736038	1.919600	85.465279
			*MESH_VERTEX   68	-48.444576	2.000565	87.771484
			*MESH_VERTEX   69	-20.454914	4.920658	1.856595
			*MESH_VERTEX   70	-3.961411	11.391773	153.079239
			*MESH_VERTEX   71	43.395329	8.151952	81.672821
			*MESH_VERTEX   72	12.297802	19.489143	-0.141417
			*MESH_VERTEX   73	-3.435258	15.915691	165.454010
			*MESH_VERTEX   74	-10.284722	7.807363	2.894966
			*MESH_VERTEX   75	3.948678	15.541512	165.319977
			*MESH_VERTEX   76	45.962120	1.217332	88.933701
			*MESH_VERTEX   77	-44.317612	4.905218	96.564270
			*MESH_VERTEX   78	47.682533	7.983764	87.174469
			*MESH_VERTEX   79	47.152302	3.340808	88.409599
			*MESH_VERTEX   80	44.459587	6.147468	95.909317
			*MESH_VERTEX   81	-50.608418	1.028344	90.952827
			*MESH_VERTEX   82	-42.193207	5.046791	93.893509
			*MESH_VERTEX   83	41.778854	3.458747	83.727211
			*MESH_VERTEX   84	40.265987	4.999826	94.823441
			*MESH_VERTEX   85	-46.684780	3.585001	85.871971
			*MESH_VERTEX   86	-12.578433	20.308941	16.922421
			*MESH_VERTEX   87	-47.942444	8.409225	85.155228
			*MESH_VERTEX   88	11.040536	14.069449	14.003760
			*MESH_VERTEX   89	38.029606	4.900449	92.118141
			*MESH_VERTEX   90	16.577091	18.055014	19.948584
			*MESH_VERTEX   91	15.740753	10.842775	19.841110
			*MESH_VERTEX   92	12.761596	10.938000	19.648685
			*MESH_VERTEX   93	39.956764	3.035835	85.938156
			*MESH_VERTEX   94	40.846512	2.669396	89.578262
			*MESH_VERTEX   95	-45.194931	2.780683	91.609306
			*MESH_VERTEX   96	-44.082066	2.193856	87.250824
			*MESH_VERTEX   97	-44.925571	3.033421	88.111427
			*MESH_VERTEX   98	-9.568481	21.244637	6.320252
			*MESH_VERTEX   99	16.877220	22.392305	6.466908
			*MESH_VERTEX  100	39.972958	1.461201	85.861107
			*MESH_VERTEX  101	-11.223371	10.718464	19.614714
			*MESH_VERTEX  102	-14.224000	10.760580	19.766438
			*MESH_VERTEX  103	-16.850361	14.222613	7.860672
			*MESH_VERTEX  104	-41.227440	15.470798	118.756516
			*MESH_VERTEX  105	-52.597912	7.775015	89.422630
			*MESH_VERTEX  106	-11.128366	18.673779	14.630907
			*MESH_VERTEX  107	-15.913885	5.628997	5.697528
			*MESH_VERTEX  108	-11.053846	3.110666	2.798792
			*MESH_VERTEX  109	-51.877186	3.133891	90.561363
			*MESH_VERTEX  110	-48.467896	6.082753	98.033112
			*MESH_VERTEX  111	16.621225	5.507274	5.985559
			*MESH_VERTEX  112	11.847715	3.340130	3.271508
			*MESH_VERTEX  113	21.798473	4.233166	-0.417336
			*MESH_VERTEX  114	16.898657	18.551823	14.762403
			*MESH_VERTEX  115	-15.087750	18.755415	14.768072
			*MESH_VERTEX  116	5.662692	19.025913	153.138138
			*MESH_VERTEX  117	-0.018301	21.401623	149.278915
			*MESH_VERTEX  118	-5.422798	18.705202	153.365982
			*MESH_VERTEX  119	31.147507	12.656942	115.127487
			*MESH_VERTEX  120	36.544991	9.656388	117.110222
			*MESH_VERTEX  121	33.274517	9.609219	114.942497
			*MESH_VERTEX  122	-35.185200	9.690166	116.364098
			*MESH_VERTEX  123	6.963429	15.435013	154.291962
			*MESH_VERTEX  124	-20.973982	4.982389	-0.615714
			*MESH_VERTEX  125	11.534659	16.891607	5.558813
			*MESH_VERTEX  126	-7.260277	15.494199	154.115936
			*MESH_VERTEX  127	17.766184	15.715101	16.647078
			*MESH_VERTEX  128	16.619963	13.636148	19.565805
			*MESH_VERTEX  129	14.415111	20.272823	16.900476
			*MESH_VERTEX  130	16.947235	20.090391	-0.123080
			*MESH_VERTEX  131	-38.253654	9.747856	118.838089
			*MESH_VERTEX  132	-10.238651	18.166771	19.670078
			*MESH_VERTEX  133	-10.728435	13.049653	7.729268
			*MESH_VERTEX  134	17.530725	13.970902	14.366993
			*MESH_VERTEX  135	12.085145	18.197252	19.655928
			*MESH_VERTEX  136	11.030386	15.963513	16.211740
			*MESH_VERTEX  137	41.977383	4.313321	81.662651
			*MESH_VERTEX  138	-14.629871	18.215124	19.893053
			*MESH_VERTEX  139	-16.068810	15.996194	16.487434
			*MESH_VERTEX  140	-16.205347	14.147534	14.215789
			*MESH_VERTEX  141	-47.083172	4.452549	83.852341
			*MESH_VERTEX  142	12.061072	13.451647	7.845328
			*MESH_VERTEX  143	-11.485044	11.106103	0.049977
			*MESH_VERTEX  144	-10.790504	19.317709	-0.035105
			*MESH_VERTEX  145	-9.752958	16.521519	5.532305
			*MESH_VERTEX  146	-10.342709	15.999670	0.465658
			*MESH_VERTEX  147	43.728683	4.096535	89.322731
			*MESH_VERTEX  148	-48.110580	4.158112	91.637413
			*MESH_VERTEX  149	-19.593395	9.618095	2.973230
			*MESH_VERTEX  150	-50.897835	2.758153	86.272888
			*MESH_VERTEX  151	-14.860240	13.602012	19.471382
			*MESH_VERTEX  152	20.893381	9.106115	3.041692
			*MESH_VERTEX  153	46.031422	2.703445	83.727348
			*MESH_VERTEX  154	-10.283051	6.601569	-0.667334
			*MESH_VERTEX  155	12.532804	11.138312	0.226924
			*MESH_VERTEX  156	11.799958	16.133348	0.493220
			*MESH_VERTEX  157	2.761518	9.615365	163.450272
			*MESH_VERTEX  158	-9.623115	15.836512	16.236788
			*MESH_VERTEX  159	-2.672856	9.732315	163.492218
			*MESH_VERTEX  160	-47.712101	10.941101	93.500847
			*MESH_VERTEX  161	41.783749	4.839404	82.986855
			*MESH_VERTEX  162	-46.781792	4.970024	85.147575
			*MESH_VERTEX  163	11.282658	6.757297	-0.308821
			*MESH_VERTEX  164	18.617476	16.913944	0.433416
			*MESH_VERTEX  165	-17.149683	17.353128	0.564618
			*MESH_VERTEX  166	34.015957	18.364040	114.787506
			*MESH_VERTEX  167	39.485344	15.301620	116.830231
			*MESH_VERTEX  168	39.391563	9.431747	97.126534
			*MESH_VERTEX  169	-49.205006	3.376423	87.731476
			*MESH_VERTEX  170	44.465363	3.307627	85.344025
			*MESH_VERTEX  171	-36.068214	18.379297	116.278107
			*MESH_VERTEX  172	18.313587	17.681318	5.593041
			*MESH_VERTEX  173	21.640766	7.960637	-0.516990
			*MESH_VERTEX  174	43.703987	10.849004	91.335861
			*MESH_VERTEX  175	-20.507191	8.679718	-0.596141
			*MESH_VERTEX  176	-43.182598	9.437086	98.869217
			*MESH_VERTEX  177	31.445208	15.864328	114.469398
			*MESH_VERTEX  178	-50.106522	9.374613	95.154282
			*MESH_VERTEX  179	-33.525448	15.916965	115.771744
			*MESH_VERTEX  180	46.097980	9.420461	92.650345
		}
		*MESH_FACE_LIST {
			*MESH_FACE    0:    A:  171 B:    7 C:    2 AB:    1 BC:    1 CA:    1	 *MESH_SMOOTHING 1 	*MESH_MTLID 0
			*MESH_FACE    1:    A:  152 B:   58 C:  172 AB:    1 BC:    1 CA:    1	 *MESH_SMOOTHING 1 	*MESH_MTLID 0
			*MESH_FACE    2:    A:    7 B:   62 C:    2 AB:    1 BC:    1 CA:    1	 *MESH_SMOOTHING 1 	*MESH_MTLID 0
			*MESH_FACE    3:    A:   34 B:  176 C:  179 AB:    1 BC:    1 CA:    1	 *MESH_SMOOTHING 1 	*MESH_MTLID 0
			*MESH_FACE    4:    A:   55 B:   56 C:  167 AB:    1 BC:    1 CA:    1	 *MESH_SMOOTHING 1 	*MESH_MTLID 0
			*MESH_FACE    5:    A:   80 B:   55 C:  167 AB:    1 BC:    1 CA:    1	 *MESH_SMOOTHING 1 	*MESH_MTLID 0
			*MESH_FACE    6:    A:  177 B:  166 C:  168 AB:    1 BC:    1 CA:    1	 *MESH_SMOOTHING 1 	*MESH_MTLID 0
			*MESH_FACE    7:    A:  104 B:  110 C:   14 AB:    1 BC:    1 CA:    1	 *MESH_SMOOTHING 1 	*MESH_MTLID 0
			*MESH_FACE    8:    A:   30 B:  169 C:   66 AB:    1 BC:    1 CA:    1	 *MESH_SMOOTHING 1 	*MESH_MTLID 0
			*MESH_FACE    9:    A:   14 B:   16 C:  131 AB:    1 BC:    1 CA:    1	 *MESH_SMOOTHING 1 	*MESH_MTLID 0
			*MESH_FACE   10:    A:   30 B:  148 C:  169 AB:    1 BC:    1 CA:    1	 *MESH_SMOOTHING 1 	*MESH_MTLID 0
			*MESH_FACE   11:    A:   16 B:   14 C:  110 AB:    1 BC:    1 CA:    1	 *MESH_SMOOTHING 1 	*MESH_MTLID 0
			*MESH_FACE   12:    A:   81 B:   32 C:   16 AB:    1 BC:    1 CA:    1	 *MESH_SMOOTHING 1 	*MESH_MTLID 0
			*MESH_FACE   13:    A:   82 B:   15 C:   46 AB:    1 BC:    1 CA:    1	 *MESH_SMOOTHING 1 	*MESH_MTLID 0
			*MESH_FACE   14:    A:   40 B:   95 C:   17 AB:    1 BC:    1 CA:    1	 *MESH_SMOOTHING 1 	*MESH_MTLID 0
			*MESH_FACE   15:    A:   96 B:   15 C:   40 AB:    1 BC:    1 CA:    1	 *MESH_SMOOTHING 1 	*MESH_MTLID 0
			*MESH_FACE   16:    A:   43 B:   56 C:   55 AB:    1 BC:    1 CA:    1	 *MESH_SMOOTHING 1 	*MESH_MTLID 0
			*MESH_FACE   17:    A:  137 B:   71 C:    8 AB:    1 BC:    1 CA:    1	 *MESH_SMOOTHING 1 	*MESH_MTLID 0
			*MESH_FACE   18:    A:   45 B:   80 C:   11 AB:    1 BC:    1 CA:    1	 *MESH_SMOOTHING 1 	*MESH_MTLID 0
			*MESH_FACE   19:    A:   18 B:  170 C:  147 AB:    1 BC:    1 CA:    1	 *MESH_SMOOTHING 1 	*MESH_MTLID 0
			*MESH_FACE   20:    A:   76 B:   45 C:   21 AB:    1 BC:    1 CA:    1	 *MESH_SMOOTHING 1 	*MESH_MTLID 0
			*MESH_FACE   21:    A:   60 B:   18 C:  147 AB:    1 BC:    1 CA:    1	 *MESH_SMOOTHING 1 	*MESH_MTLID 0
			*MESH_FACE   22:    A:   57 B:  100 C:   94 AB:    1 BC:    1 CA:    1	 *MESH_SMOOTHING 1 	*MESH_MTLID 0
			*MESH_FACE   23:    A:   94 B:   93 C:   19 AB:    1 BC:    1 CA:    1	 *MESH_SMOOTHING 1 	*MESH_MTLID 0
			*MESH_FACE   24:    A:  143 B:   22 C:  165 AB:    1 BC:    1 CA:    1	 *MESH_SMOOTHING 1 	*MESH_MTLID 0
			*MESH_FACE   25:    A:   63 B:  149 C:  103 AB:    1 BC:    1 CA:    1	 *MESH_SMOOTHING 1 	*MESH_MTLID 0
			*MESH_FACE   26:    A:  145 B:  133 C:   74 AB:    1 BC:    1 CA:    1	 *MESH_SMOOTHING 1 	*MESH_MTLID 0
			*MESH_FACE   27:    A:   31 B:  141 C:  150 AB:    1 BC:    1 CA:    1	 *MESH_SMOOTHING 1 	*MESH_MTLID 0
			*MESH_FACE   28:    A:  162 B:   66 C:  169 AB:    1 BC:    1 CA:    1	 *MESH_SMOOTHING 1 	*MESH_MTLID 0
			*MESH_FACE   29:    A:  111 B:   10 C:   26 AB:    1 BC:    1 CA:    1	 *MESH_SMOOTHING 1 	*MESH_MTLID 0
			*MESH_FACE   30:    A:  156 B:  155 C:  125 AB:    1 BC:    1 CA:    1	 *MESH_SMOOTHING 1 	*MESH_MTLID 0
			*MESH_FACE   31:    A:  119 B:  168 C:   84 AB:    1 BC:    1 CA:    1	 *MESH_SMOOTHING 1 	*MESH_MTLID 0
			*MESH_FACE   32:    A:   11 B:  120 C:   45 AB:    1 BC:    1 CA:    1	 *MESH_SMOOTHING 1 	*MESH_MTLID 0
			*MESH_FACE   33:    A:  159 B:   27 C:   29 AB:    1 BC:    1 CA:    1	 *MESH_SMOOTHING 1 	*MESH_MTLID 0
			*MESH_FACE   34:    A:   70 B:   27 C:  159 AB:    1 BC:    1 CA:    1	 *MESH_SMOOTHING 1 	*MESH_MTLID 0
			*MESH_FACE   35:    A:   28 B:   39 C:   75 AB:    1 BC:    1 CA:    1	 *MESH_SMOOTHING 1 	*MESH_MTLID 0
			*MESH_FACE   36:    A:   28 B:    9 C:   65 AB:    1 BC:    1 CA:    1	 *MESH_SMOOTHING 1 	*MESH_MTLID 0
			*MESH_FACE   37:    A:  157 B:   65 C:    9 AB:    1 BC:    1 CA:    1	 *MESH_SMOOTHING 1 	*MESH_MTLID 0
			*MESH_FACE   38:    A:  160 B:   30 C:  105 AB:    1 BC:    1 CA:    1	 *MESH_SMOOTHING 1 	*MESH_MTLID 0
			*MESH_FACE   39:    A:   30 B:  160 C:   61 AB:    1 BC:    1 CA:    1	 *MESH_SMOOTHING 1 	*MESH_MTLID 0
			*MESH_FACE   40:    A:   66 B:   31 C:   30 AB:    1 BC:    1 CA:    1	 *MESH_SMOOTHING 1 	*MESH_MTLID 0
			*MESH_FACE   41:    A:  141 B:   31 C:    1 AB:    1 BC:    1 CA:    1	 *MESH_SMOOTHING 1 	*MESH_MTLID 0
			*MESH_FACE   42:    A:   61 B:  148 C:   30 AB:    1 BC:    1 CA:    1	 *MESH_SMOOTHING 1 	*MESH_MTLID 0
			*MESH_FACE   43:    A:   95 B:   15 C:   97 AB:    1 BC:    1 CA:    1	 *MESH_SMOOTHING 1 	*MESH_MTLID 0
			*MESH_FACE   44:    A:    8 B:  153 C:  137 AB:    1 BC:    1 CA:    1	 *MESH_SMOOTHING 1 	*MESH_MTLID 0
			*MESH_FACE   45:    A:  161 B:  170 C:   41 AB:    1 BC:    1 CA:    1	 *MESH_SMOOTHING 1 	*MESH_MTLID 0
			*MESH_FACE   46:    A:   34 B:   77 C:  176 AB:    1 BC:    1 CA:    1	 *MESH_SMOOTHING 1 	*MESH_MTLID 0
			*MESH_FACE   47:    A:   16 B:  122 C:  131 AB:    1 BC:    1 CA:    1	 *MESH_SMOOTHING 1 	*MESH_MTLID 0
			*MESH_FACE   48:    A:   22 B:  143 C:  175 AB:    1 BC:    1 CA:    1	 *MESH_SMOOTHING 1 	*MESH_MTLID 0
			*MESH_FACE   49:    A:   74 B:   23 C:  107 AB:    1 BC:    1 CA:    1	 *MESH_SMOOTHING 1 	*MESH_MTLID 0
			*MESH_FACE   50:    A:  173 B:  155 C:   58 AB:    1 BC:    1 CA:    1	 *MESH_SMOOTHING 1 	*MESH_MTLID 0
			*MESH_FACE   51:    A:  152 B:   10 C:  111 AB:    1 BC:    1 CA:    1	 *MESH_SMOOTHING 1 	*MESH_MTLID 0
			*MESH_FACE   52:    A:   37 B:    3 C:   73 AB:    1 BC:    1 CA:    1	 *MESH_SMOOTHING 1 	*MESH_MTLID 0
			*MESH_FACE   53:    A:   10 B:  142 C:   26 AB:    1 BC:    1 CA:    1	 *MESH_SMOOTHING 1 	*MESH_MTLID 0
			*MESH_FACE   54:    A:   25 B:   75 C:   39 AB:    1 BC:    1 CA:    1	 *MESH_SMOOTHING 1 	*MESH_MTLID 0
			*MESH_FACE   55:    A:   39 B:   37 C:   73 AB:    1 BC:    1 CA:    1	 *MESH_SMOOTHING 1 	*MESH_MTLID 0
			*MESH_FACE   56:    A:   40 B:   16 C:   32 AB:    1 BC:    1 CA:    1	 *MESH_SMOOTHING 1 	*MESH_MTLID 0
			*MESH_FACE   57:    A:   46 B:   77 C:   82 AB:    1 BC:    1 CA:    1	 *MESH_SMOOTHING 1 	*MESH_MTLID 0
			*MESH_FACE   58:    A:   18 B:   41 C:  170 AB:    1 BC:    1 CA:    1	 *MESH_SMOOTHING 1 	*MESH_MTLID 0
			*MESH_FACE   59:    A:   41 B:   18 C:    8 AB:    1 BC:    1 CA:    1	 *MESH_SMOOTHING 1 	*MESH_MTLID 0
